1.00000000 0.00000000 0.00000000 0.00000000 0.00000000 1.00000000 0.00000000 0.00000000 0.00000000 0.00000000 1.00000000 0.00000000
0.99998134 0.00054207 0.00608575 0.02949839 -0.00052697 0.99999677 -0.00248120 0.00845040 -0.00608707 0.00247794 0.99997836 1.57191944
0.99992929 0.00599195 0.01027501 0.51491022 -0.00596262 0.99997806 -0.00288268 0.01573758 -0.01029206 0.00282121 0.99994304 1.29868007
0.99994445 0.00962700 0.00429566 0.95576346 -0.00963882 0.99994976 0.00273942 0.00302634 -0.00426907 -0.00278067 0.99998698 1.29195750
0.99958743 0.00563583 0.02816345 1.42929387 -0.00583080 0.99995953 0.00684557 -0.00005760 -0.02812374 -0.00700696 0.99957983 1.31393361
0.99959933 0.00841960 0.02702520 1.91945004 -0.00872716 0.99989824 0.01128280 0.00970757 -0.02692745 -0.01151413 0.99957104 1.28997219
0.99927802 0.01710439 0.03392596 2.41238928 -0.01736138 0.99982265 0.00729509 0.01035529 -0.03379516 -0.00787882 0.99939773 1.30038655
0.99929944 0.01657912 0.03355455 2.90234184 -0.01693254 0.99980382 0.01027603 -0.00481800 -0.03337760 -0.01083699 0.99938406 1.29736078
0.99956004 0.02293443 0.01881471 3.38818169 -0.02308959 0.99970082 0.00807113 0.01206008 -0.01862397 -0.00850200 0.99979042 1.28980243
0.99971118 0.02006159 0.01323837 3.85320902 -0.02022791 0.99971656 0.01255178 -0.00869222 -0.01298280 -0.01281593 0.99983354 1.30919528
0.99977282 0.01928448 0.00909073 4.31930304 -0.01949491 0.99953006 0.02365663 -0.01209857 -0.00863025 -0.02382848 0.99967879 1.31673598
0.99971582 0.02072941 0.01178291 4.79580641 -0.02100082 0.99950570 0.02339697 -0.00634421 -0.01129208 -0.02363776 0.99965684 1.30329859
0.99966393 0.02451516 0.00844270 5.23076439 -0.02471833 0.99938522 0.02486495 -0.00300099 -0.00782793 -0.02506528 0.99965518 1.29703462
0.99967868 0.02496818 0.00439982 5.71252489 -0.02508564 0.99926327 0.02904599 -0.00619198 -0.00367134 -0.02914702 0.99956839 1.29976702
0.99958927 0.02386059 0.01587976 6.16481447 -0.02429179 0.99932559 0.02753910 -0.01739249 -0.01521195 -0.02791353 0.99949459 1.29945612
0.99966723 0.01888645 0.01757594 6.63792562 -0.01945837 0.99926732 0.03295836 -0.01666097 -0.01694059 -0.03328939 0.99930216 1.28816938
0.99968802 0.02167395 0.01242117 7.10695696 -0.02208582 0.99917645 0.03404073 0.00274661 -0.01167314 -0.03430444 0.99934327 1.30157697
0.99939956 0.02722355 0.02143807 7.59301853 -0.02792568 0.99905981 0.03316314 -0.00894844 -0.02051509 -0.03374190 0.99921999 1.30142677
0.99930466 0.02777992 0.02487232 8.05860138 -0.02865112 0.99896306 0.03538431 -0.02603524 -0.02386355 -0.03607232 0.99906420 1.28642774
0.99934695 0.02886603 0.02173703 8.54216003 -0.02965381 0.99888132 0.03683626 -0.01733226 -0.02064939 -0.03745679 0.99908484 1.30267704
0.99925142 0.03008451 0.02432450 9.02518940 -0.03093199 0.99889986 0.03524937 -0.01350168 -0.02323728 -0.03597539 0.99908248 1.30732012
0.99909388 0.03653895 0.02182847 9.46565342 -0.03736532 0.99855089 0.03873195 -0.02376071 -0.02038161 -0.03951248 0.99901121 1.28246760
0.99916000 0.03449843 0.02211936 9.95481777 -0.03537342 0.99855455 0.04046854 -0.02390288 -0.02069128 -0.04121698 0.99893598 1.31371963
0.99906446 0.03462758 0.02590766 10.40735817 -0.03571717 0.99844303 0.04284766 -0.02796010 -0.02438361 -0.04373292 0.99874567 1.31358159
0.99909094 0.03713649 0.02093243 10.87696457 -0.03813240 0.99805205 0.04937697 -0.01828243 -0.01905797 -0.05013028 0.99856083 1.29464626
0.99860144 0.04331894 0.03030929 11.30135632 -0.04492149 0.99751058 0.05435849 -0.03116467 -0.02787908 -0.05564401 0.99806135 1.28515899
0.99865447 0.04355126 0.02815365 11.77268219 -0.04499793 0.99758157 0.05297502 -0.02425830 -0.02577843 -0.05417060 0.99819889 1.28560019
0.99909888 0.03920307 0.01627043 12.23836422 -0.04013988 0.99727352 0.06192343 -0.03703365 -0.01379848 -0.06252072 0.99794831 1.28599763
0.99880926 0.04669647 0.01413144 12.71753597 -0.04746779 0.99704907 0.06033320 -0.02417138 -0.01127239 -0.06093215 0.99807828 1.29654086
0.99868173 0.04980772 0.01241740 13.18620205 -0.05048842 0.99677340 0.06240046 -0.02747193 -0.00926931 -0.06294513 0.99797401 1.29939449
0.99862557 0.04993058 0.01594158 13.68512249 -0.05081281 0.99685518 0.06081064 -0.04081171 -0.01285514 -0.06153709 0.99802210 1.29421580
0.99855799 0.05234227 0.01193744 14.14690876 -0.05298188 0.99668730 0.06170502 -0.04258302 -0.00866811 -0.06224851 0.99802315 1.29404902
0.99831680 0.05659914 0.01266337 14.58871651 -0.05727354 0.99646660 0.06143510 -0.03386836 -0.00914145 -0.06205696 0.99803087 1.29927897
0.99793436 0.06373508 0.00806699 15.03321743 -0.06412509 0.99583235 0.06485396 -0.04597351 -0.00389989 -0.06523730 0.99786226 1.28561497
0.99796457 0.06333327 0.00746749 15.53217316 -0.06368247 0.99591011 0.06409116 -0.04729223 -0.00337785 -0.06443626 0.99791619 1.29701507
0.99775270 0.06698153 0.00177491 15.97100067 -0.06695379 0.99560365 0.06550283 -0.05504477 0.00262038 -0.06547446 0.99785088 1.28603685
0.99751946 0.07038843 -0.00071826 16.45523071 -0.07022136 0.99575845 0.05944868 -0.04469794 0.00489971 -0.05925078 0.99823116 1.29519558
0.99766319 0.06826218 -0.00291938 16.93057442 -0.06795834 0.99582729 0.06090766 -0.05130402 0.00706489 -0.06056694 0.99813919 1.29130876
0.99753695 0.07013578 -0.00102787 17.40935135 -0.06996080 0.99589093 0.05750449 -0.06450982 0.00505677 -0.05729095 0.99834472 1.30897713
0.99703592 0.07679982 -0.00460314 17.84014893 -0.07638009 0.99522721 0.06073694 -0.05226532 0.00924576 -0.06020532 0.99814319 1.29660189
0.99681910 0.07885454 -0.01156036 18.30265999 -0.07798778 0.99500282 0.06234946 -0.05515202 0.01641913 -0.06124957 0.99798742 1.29330838
0.99616115 0.08710447 -0.00870528 18.78738403 -0.08634722 0.99408477 0.06587797 -0.06710458 0.01439205 -0.06487339 0.99778970 1.30093515
0.99636140 0.08432889 -0.01235042 19.26396370 -0.08330758 0.99421777 0.06775762 -0.07826385 0.01799293 -0.06648220 0.99762534 1.29682386
0.99630434 0.08332321 -0.02085221 19.74419975 -0.08161570 0.99402526 0.07247698 -0.06619806 0.02676663 -0.07050726 0.99715209 1.29653037
0.99598999 0.08862249 -0.01224119 20.21833420 -0.08758311 0.99378976 0.06863898 -0.06546767 0.01824813 -0.06729163 0.99756646 1.30053914
0.99609321 0.08634601 -0.01850773 20.69321442 -0.08462030 0.99323375 0.07953804 -0.07408867 0.02525030 -0.07766117 0.99665996 1.29965878
0.99608107 0.08691036 -0.01639907 21.17176056 -0.08524511 0.99282299 0.08388061 -0.07940515 0.02357147 -0.08215396 0.99634086 1.29217482
0.99597539 0.08922167 -0.00850418 21.64474678 -0.08828223 0.99298539 0.07865378 -0.07458910 0.01546216 -0.07758648 0.99686572 1.28612697
0.99570515 0.09151669 -0.01399384 22.12718201 -0.09013541 0.99277950 0.07914952 -0.07969796 0.02113630 -0.07754825 0.99676454 1.29570198
0.99525273 0.09532605 -0.01961578 22.59584427 -0.09356796 0.99266133 0.07660738 -0.07648112 0.02677451 -0.07440830 0.99686840 1.30940318
0.99499815 0.09988066 -0.00155658 23.07519722 -0.09948833 0.99225005 0.07444504 -0.07716740 0.00898014 -0.07391783 0.99722395 1.30493784
0.99455111 0.10406000 0.00628667 23.53601646 -0.10423348 0.99152147 0.07759361 -0.09871138 0.00184103 -0.07782610 0.99696532 1.26863289
0.99457011 0.10397421 0.00441608 24.01916504 -0.10397188 0.99093380 0.08508969 -0.09242299 0.00447110 -0.08508682 0.99636359 1.28817105
0.99399281 0.10942875 -0.00188664 24.48821640 -0.10890229 0.99063141 0.08240074 -0.08899366 0.01088598 -0.08170029 0.99659757 1.29150069
0.99436253 0.10492660 -0.01527964 24.94925117 -0.10314665 0.99059163 0.08993997 -0.10294064 0.02457298 -0.08785690 0.99583007 1.28947723
0.99416464 0.10733306 -0.01077859 25.42181587 -0.10567961 0.98912353 0.10230630 -0.10203130 0.02164221 -0.10057025 0.99469463 1.30880499
0.99468751 0.10193674 0.01433671 25.89727783 -0.10286266 0.98965074 0.10005357 -0.10084395 -0.00398919 -0.10099677 0.99487883 1.30080104
0.99389359 0.10864970 0.01925247 26.38219643 -0.11000905 0.98924232 0.09642475 -0.09865221 -0.00856882 -0.09795391 0.99515415 1.26586699
0.99428080 0.10638891 0.00932816 26.82604980 -0.10679702 0.99039346 0.08783659 -0.10630421 0.00010630 -0.08833048 0.99609128 1.26828229
0.99390238 0.10968629 0.01126419 27.29878807 -0.11024304 0.99047407 0.08250882 -0.09242573 -0.00210679 -0.08324753 0.99652676 1.29442239
0.99382622 0.11082102 0.00529929 27.77075005 -0.11087958 0.99040995 0.08242582 -0.09020077 0.00388605 -0.08250454 0.99658320 1.29653263
0.99325652 0.11592978 0.00129005 28.23432922 -0.11564813 0.98993585 0.08156422 -0.09135390 0.00817866 -0.08116340 0.99666732 1.29428387
0.99239498 0.12308419 0.00154417 28.67022133 -0.12277951 0.98888674 0.08383554 -0.09958462 0.00879182 -0.08338757 0.99647847 1.29398012
0.99180348 0.12769262 -0.00451983 29.13391495 -0.12688850 0.98847874 0.08251855 -0.10359046 0.01500477 -0.08126869 0.99657938 1.28974295
0.99165993 0.12858156 -0.00879493 29.59970665 -0.12736890 0.98815923 0.08555008 -0.11916081 0.01969096 -0.08371640 0.99629516 1.30242646
0.99187364 0.12682736 -0.01007371 30.07515144 -0.12538740 0.98787978 0.09149745 -0.12085595 0.02155599 -0.08949080 0.99575448 1.28363454
0.99051164 0.13733498 -0.00507738 30.56362152 -0.13640126 0.98694404 0.08565290 -0.11291669 0.01677423 -0.08414765 0.99631222 1.29337883
0.99086837 0.13468186 -0.00638003 31.04567528 -0.13358151 0.98700441 0.08932251 -0.12261397 0.01832724 -0.08765461 0.99598246 1.28188574
0.98950820 0.14407443 -0.01077166 31.49505424 -0.14243349 0.98529454 0.09437979 -0.11973759 0.02421097 -0.09185535 0.99547810 1.27470815
0.98988940 0.14138130 -0.01141564 31.97474289 -0.13983240 0.98620091 0.08862760 -0.13976611 0.02378840 -0.08613526 0.99599954 1.29778302
0.98941077 0.14499821 -0.00646917 32.45839691 -0.14376488 0.98517250 0.09363165 -0.12060038 0.01994967 -0.09171014 0.99558601 1.29740548
0.98881914 0.14907859 -0.00349948 32.92480850 -0.14794344 0.98369125 0.10229556 -0.13420025 0.01869249 -0.10063411 0.99474802 1.29781747
0.98849005 0.15128552 -0.00030897 33.38275528 -0.15032050 0.98241103 0.11078110 -0.13880128 0.01706312 -0.10945958 0.99384488 1.27996302
0.98707348 0.16024247 0.00287036 33.83691025 -0.15948419 0.98031823 0.11636606 -0.12770508 0.01583292 -0.11531965 0.99320236 1.29122519
0.98712214 0.15963830 0.01026900 34.30294800 -0.15977690 0.98076912 0.11208645 -0.15633382 0.00782178 -0.11228378 0.99364547 1.28124762
0.98621637 0.16519623 0.00935169 34.75552368 -0.16512877 0.97908635 0.11883834 -0.14741659 0.01047554 -0.11874457 0.99286966 1.26623154
0.98628210 0.16415070 0.01738387 35.20936966 -0.16503399 0.97843486 0.12421414 -0.15278664 0.00338086 -0.12537913 0.99210326 1.27782965
0.98630542 0.16411422 0.01637744 35.70204544 -0.16482676 0.97731814 0.13297210 -0.15804361 0.00581665 -0.13385055 0.99098459 1.29211628
0.98598121 0.16670593 0.00709664 36.17965317 -0.16608338 0.97643175 0.13783148 -0.14573248 0.01604795 -0.13707789 0.99043040 1.28843379
0.98566372 0.16872059 0.00073210 36.65712738 -0.16719286 0.97613758 0.13857163 -0.15918501 0.02266526 -0.13670743 0.99035225 1.28757215
0.98438080 0.17592514 -0.00670362 37.10424805 -0.17323733 0.97471851 0.14111279 -0.14998549 0.03135943 -0.13774741 0.98997096 1.29317904
0.98420093 0.17626429 -0.01672050 37.56297302 -0.17183675 0.97368167 0.14972059 -0.16314588 0.04267084 -0.14448196 0.98858708 1.27763236
0.98383972 0.17850318 -0.01400556 38.00979614 -0.17423478 0.97246005 0.15480250 -0.16160515 0.04125259 -0.14986059 0.98784623 1.28038239
0.98377971 0.17936666 -0.00228747 38.46716309 -0.17686131 0.97201079 0.15464574 -0.16124637 0.02996174 -0.15173277 0.98796741 1.27351022
0.98329061 0.18185905 -0.00818540 38.92409134 -0.17828065 0.97108832 0.15875674 -0.16448091 0.03682010 -0.15464471 0.98728390 1.27721989
0.98303933 0.18333285 -0.00478958 39.36534119 -0.18027867 0.97079778 0.15827665 -0.17110977 0.03366703 -0.15472871 0.98738333 1.26652956
0.98306807 0.18274155 -0.01352286 39.81850052 -0.17839997 0.97133717 0.15709144 -0.17369208 0.04184239 -0.15201910 0.98749157 1.26293993
0.98344440 0.18053035 -0.01568458 40.29082870 -0.17534054 0.96986852 0.16914752 -0.16877811 0.04574824 -0.16359704 0.98546603 1.28158236
0.98419410 0.17593405 -0.02023206 40.76620102 -0.17001554 0.97064782 0.17011081 -0.16254716 0.04956649 -0.16398229 0.98521732 1.28402078
0.98388249 0.17837521 -0.01255668 41.22499847 -0.17373930 0.97020100 0.16889288 -0.16288464 0.04230881 -0.16398915 0.98555451 1.27096808
0.98387036 0.17837411 -0.01348965 41.69652939 -0.17359378 0.97026111 0.16869732 -0.16252524 0.04317971 -0.16363457 0.98557570 1.27779412
0.98322482 0.18197754 -0.01238039 42.15923691 -0.17717761 0.96900361 0.17216352 -0.16043016 0.04332653 -0.16708191 0.98499068 1.26695275
0.98315741 0.18221475 -0.01412239 42.64142609 -0.17716369 0.96917401 0.17121599 -0.16615577 0.04488513 -0.16583029 0.98513237 1.27902317
0.98382544 0.17830053 -0.01722048 43.13204956 -0.17232936 0.96832782 0.18067664 -0.16565904 0.04888981 -0.17478667 0.98339185 1.28576601
0.98343923 0.17963157 -0.02408104 43.58575821 -0.17208548 0.96718484 0.18692318 -0.15269540 0.05686812 -0.17968358 0.98207938 1.27801275
0.98334956 0.18038236 -0.02204339 44.05895996 -0.17314445 0.96683593 0.18774816 -0.15640634 0.05517879 -0.18080537 0.98196983 1.27870250
0.98244678 0.18522359 -0.02215151 44.53800964 -0.17769145 0.96535109 0.19111037 -0.15608892 0.05678212 -0.18381962 0.98131861 1.27614510
0.98146908 0.19108502 -0.01431979 45.00046158 -0.18478881 0.96360632 0.19317388 -0.16945460 0.05071127 -0.18694804 0.98106006 1.26944757
0.98118143 0.19133233 -0.02598180 45.46477509 -0.18247974 0.96282828 0.19915563 -0.17003432 0.06312092 -0.19066664 0.97962343 1.26729143
0.98022682 0.19550141 -0.03057125 45.89553070 -0.18538221 0.96133430 0.20364164 -0.17020725 0.06920142 -0.19394763 0.97856810 1.26929164
0.97859142 0.20408344 -0.02662342 46.37102890 -0.19419650 0.95844487 0.20897676 -0.17223521 0.06816577 -0.19933269 0.97755815 1.27479160
0.97807925 0.20654403 -0.02646857 46.84821320 -0.19667595 0.95805924 0.20842562 -0.18284392 0.06840753 -0.19865104 0.97768004 1.26938462
0.97734894 0.21052454 -0.02164638 47.30467606 -0.20144034 0.95675456 0.20986362 -0.18185560 0.06489171 -0.20074953 0.97749112 1.26587915
0.97820102 0.20658420 -0.02111375 47.76467514 -0.19770365 0.95757862 0.20965854 -0.18562613 0.06353021 -0.20091393 0.97754677 1.26801598
0.97712054 0.21166632 -0.02080339 48.22746658 -0.20231170 0.95517743 0.21611638 -0.18952742 0.06561549 -0.20696299 0.97614604 1.27188563
0.97658381 0.21444363 -0.01726239 48.70307922 -0.20627561 0.95613040 0.20800314 -0.18659759 0.06111004 -0.19957169 0.97797594 1.26852703
0.97634863 0.21557163 -0.01649977 49.17725372 -0.20690708 0.95378470 0.21790926 -0.20369299 0.06271229 -0.20934150 0.97582966 1.28049648
0.97452427 0.22286978 -0.02512811 49.65332794 -0.21205268 0.95207688 0.22041672 -0.18892217 0.07304812 -0.20947298 0.97508218 1.25830734
0.97399806 0.22519454 -0.02480291 50.12084198 -0.21472138 0.95249065 0.21600118 -0.20727089 0.07226683 -0.20505902 0.97607813 1.27493250
0.97340397 0.22807663 -0.02158033 50.60186005 -0.21809907 0.95139503 0.21744095 -0.19696492 0.07012462 -0.20695124 0.97583499 1.26795316
0.97396437 0.22563184 -0.02199244 51.04691315 -0.21556307 0.95177841 0.21829047 -0.20355871 0.07018521 -0.20786638 0.97563613 1.25924826
0.97431458 0.22376232 -0.02532988 51.51616669 -0.21276015 0.95154296 0.22203484 -0.20915145 0.07378550 -0.21094259 0.97470981 1.26865697
0.97508298 0.22161232 -0.01006467 51.98019409 -0.21365352 0.95034155 0.22628195 -0.20498855 0.05971175 -0.21849332 0.97401005 1.24785781
0.97400125 0.22653921 -0.00131608 52.45571136 -0.22057332 0.94964395 0.22254029 -0.20900129 0.05166391 -0.21646421 0.97492280 1.24437404
0.97369654 0.22782562 -0.00326710 52.92937088 -0.22123747 0.94877452 0.22556881 -0.21426652 0.05449010 -0.21891275 0.97422192 1.27023351
0.97273571 0.23163735 -0.01137857 53.40286636 -0.22297134 0.94758493 0.22883826 -0.20581481 0.06378965 -0.22006205 0.97339813 1.26650953
0.97283399 0.23085456 -0.01733016 53.87696838 -0.22047547 0.94671954 0.23476170 -0.21570957 0.07060261 -0.22456328 0.97189864 1.25589228
0.97153683 0.23635680 -0.01586781 54.32348633 -0.22589070 0.94452343 0.23843095 -0.20669004 0.07134229 -0.22806005 0.97103003 1.26515293
0.96979652 0.24316183 -0.01916148 54.73889160 -0.23171611 0.94297809 0.23895707 -0.21682774 0.07617409 -0.22729970 0.97084128 1.24291921
0.96927445 0.24519355 -0.01968033 55.22047424 -0.23363250 0.94269285 0.23821542 -0.20900148 0.07696138 -0.22629815 0.97101319 1.25922644
0.96916151 0.24577487 -0.01791219 55.66634369 -0.23456021 0.94233651 0.23871319 -0.22170877 0.07554900 -0.22715014 0.97092517 1.26437843
0.96810063 0.24986219 -0.01871429 56.14400482 -0.23873233 0.94249626 0.23389782 -0.21704257 0.07608036 -0.22196891 0.97208131 1.25810528
0.96845870 0.24823979 -0.02156215 56.61348343 -0.23644942 0.94285359 0.23477479 -0.21979892 0.07861039 -0.22227133 0.97181087 1.26061571
0.96723705 0.25347502 -0.01425328 57.07943344 -0.24347301 0.94204837 0.23079474 -0.22267729 0.07192798 -0.21976293 0.97289833 1.26384258
0.96668891 0.25547188 -0.01571292 57.55622482 -0.24569792 0.94340558 0.22275299 -0.22668339 0.07173078 -0.21147221 0.97474853 1.24483085
0.96674018 0.25529786 -0.01538466 58.00725937 -0.24517270 0.94216861 0.22849327 -0.23649120 0.07282878 -0.21712171 0.97342421 1.25191116
0.96799338 0.25089076 0.00654965 58.46791077 -0.24561485 0.94162724 0.23024341 -0.23526548 0.05159862 -0.22448277 0.97311133 1.26301765
0.96808834 0.25059991 -0.00220517 58.93732452 -0.24355695 0.94288089 0.22727979 -0.22202817 0.05903551 -0.21948982 0.97382727 1.22486794
0.96668775 0.25592112 0.00439445 59.41940308 -0.25055207 0.94261832 0.22066893 -0.22710223 0.05233156 -0.21441900 0.97533912 1.25874531
0.96657714 0.25620960 0.00924075 59.91650009 -0.25215423 0.94352785 0.21488099 -0.23896050 0.04633567 -0.21002915 0.97659675 1.25246823
0.96488443 0.26261157 0.00577778 60.38417816 -0.25782095 0.94261554 0.21214328 -0.22941630 0.05026506 -0.20618338 0.97722177 1.25083482
0.96567106 0.25908257 0.01886123 60.84273148 -0.25705263 0.94258276 0.21321839 -0.24810340 0.03746291 -0.21074716 0.97682276 1.24630082
0.96548441 0.25954919 0.02177749 61.31771851 -0.25804899 0.94184051 0.21528510 -0.25247279 0.03536616 -0.21347406 0.97630869 1.24284589
0.96432707 0.26421858 0.01618796 61.79976273 -0.26152091 0.94144235 0.21282305 -0.25417778 0.04099178 -0.20946451 0.97695694 1.25344729
0.96529248 0.26084368 0.01308507 62.24052048 -0.25745879 0.94195674 0.21548302 -0.24868563 0.04388182 -0.21137300 0.97642021 1.25739086
0.96527530 0.26097581 0.01164157 62.70804214 -0.25737140 0.94241699 0.21356666 -0.25264472 0.04476453 -0.20914682 0.97685946 1.25226378
0.96341430 0.26743683 0.01762683 63.14287949 -0.26492531 0.94027818 0.21375689 -0.24556039 0.04059236 -0.21060624 0.97672818 1.25297761
0.96316000 0.26843982 0.01622377 63.62204742 -0.26520012 0.93806112 0.22295903 -0.25923491 0.04463220 -0.21904776 0.97469316 1.26511490
0.96352371 0.26728561 0.01344577 64.07937622 -0.26343749 0.93840345 0.22360727 -0.25768214 0.04714945 -0.21899302 0.97458696 1.26091731
0.96340374 0.26798936 0.00593864 64.51539612 -0.26248372 0.93865487 0.22367371 -0.26062742 0.05436785 -0.21704687 0.97464636 1.25907624
0.96252526 0.27119188 -0.00066313 64.97128296 -0.26365334 0.93633629 0.23186600 -0.24319173 0.06350108 -0.22300202 0.97274785 1.25522852
0.96110237 0.27615489 0.00458802 65.41771698 -0.26986901 0.93543217 0.22833733 -0.24570124 0.05876469 -0.22069369 0.97357159 1.27516496
0.95967793 0.28106564 -0.00455105 65.88391113 -0.27213124 0.93298623 0.23554572 -0.24861926 0.07044987 -0.22480953 0.97185295 1.26074910
0.96086609 0.27675783 0.01190957 66.33666992 -0.27142928 0.93203513 0.24007753 -0.25941506 0.05534320 -0.23391494 0.97068102 1.25238585
0.96013078 0.27928813 0.01214494 66.80168152 -0.27384418 0.93090478 0.24171516 -0.25235638 0.05620239 -0.23540396 0.97027161 1.24351501
0.95929547 0.28229227 0.00798291 67.28290558 -0.27566093 0.92987145 0.24361996 -0.26383415 0.06134895 -0.23590407 0.96983828 1.25339663
0.95803358 0.28663930 -0.00316233 67.68289948 -0.27757841 0.93039097 0.23942317 -0.26703396 0.07157029 -0.22849762 0.97091054 1.23351872
0.95586757 0.29347856 -0.01370922 68.15281677 -0.28204988 0.92970758 0.23683807 -0.24908459 0.08225245 -0.22251913 0.97145282 1.24378395
0.95387147 0.30008136 -0.00898991 68.60816956 -0.29009055 0.92899829 0.22980470 -0.27739894 0.07731171 -0.21659624 0.97319562 1.24022150
0.95492671 0.29672352 -0.00839845 69.08687592 -0.28644558 0.92853438 0.23616390 -0.27258989 0.07787363 -0.22311349 0.97167728 1.24551094
0.95512361 0.29582545 -0.01505057 69.52594757 -0.28412507 0.92934303 0.23578591 -0.27532876 0.08373860 -0.22092843 0.97168879 1.24184728
0.95559580 0.29393749 -0.02092224 69.97377014 -0.28042304 0.92888225 0.24195280 -0.26806530 0.09055329 -0.22534199 0.97006274 1.25814617
0.95359113 0.30002105 -0.02552773 70.43632507 -0.28517206 0.92709320 0.24326049 -0.26455486 0.09664983 -0.22469122 0.96962534 1.24580395
0.95266103 0.30220319 -0.03332485 70.90337372 -0.28466417 0.92508874 0.25135167 -0.26429850 0.10678770 -0.22996653 0.96732230 1.25723791
0.95109584 0.30712905 -0.03299696 71.33974457 -0.28917293 0.92283153 0.25448266 -0.28189379 0.10860964 -0.23249556 0.96651457 1.25266302
0.95169959 0.30307281 -0.04914418 71.78971100 -0.28104984 0.92437346 0.25796343 -0.28251535 0.12360925 -0.23169171 0.96490429 1.24034119
0.94951459 0.30920260 -0.05306695 72.20963287 -0.28575762 0.92222299 0.26047597 -0.26947823 0.12947938 -0.23216144 0.96402110 1.24226105
0.94936379 0.30877599 -0.05801850 72.67317963 -0.28484735 0.92383900 0.25570282 -0.27114761 0.13255461 -0.22622857 0.96501323 1.24355209
0.94588417 0.31913510 -0.05879089 73.12238312 -0.29519356 0.92145130 0.25256442 -0.26841834 0.13477508 -0.22154197 0.96579270 1.24623299
0.94461183 0.32457113 -0.04860555 73.58162689 -0.30241992 0.91836677 0.25523541 -0.28465864 0.12747974 -0.22639909 0.96565678 1.25625801
0.94382634 0.32604982 -0.05369984 74.04390717 -0.30231307 0.91761526 0.25804921 -0.29459038 0.13341267 -0.22731947 0.96463851 1.24605846
0.94661576 0.31835936 -0.05065806 74.50009918 -0.29563987 0.92000105 0.25728472 -0.29817078 0.12851445 -0.22857322 0.96500716 1.25058234
0.94479419 0.32299244 -0.05513780 74.95686340 -0.29928258 0.91915663 0.25608846 -0.27662215 0.13339488 -0.22544910 0.96507977 1.24525309
0.94288408 0.32754094 -0.06072046 75.41268921 -0.30225982 0.91782141 0.25737736 -0.28651407 0.14003213 -0.22432365 0.96440156 1.24244344
0.94558662 0.32088582 -0.05383823 75.86420441 -0.29717519 0.91911650 0.25867354 -0.28988370 0.13248825 -0.22859885 0.96446351 1.24342370
0.94540348 0.32107457 -0.05589003 76.32809448 -0.29714946 0.91965482 0.25678274 -0.27992928 0.13384592 -0.22615560 0.96485197 1.24273276
0.94344302 0.32436744 -0.06856649 76.77584076 -0.29761421 0.91973501 0.25595587 -0.27942204 0.14608673 -0.22107341 0.96425389 1.24508512
0.94261133 0.32503239 -0.07640811 77.22985077 -0.29624112 0.91969329 0.25769288 -0.28842777 0.15403053 -0.22026899 0.96320119 1.25341964
0.94191205 0.32598626 -0.08083985 77.67812347 -0.29564294 0.91895761 0.26098348 -0.28773400 0.15936540 -0.22192374 0.96195269 1.25138223
0.94269139 0.32460649 -0.07722661 78.11286163 -0.29482229 0.91871112 0.26277349 -0.28047323 0.15624690 -0.22494618 0.96176226 1.26319134
0.94342000 0.32169905 -0.08042913 78.59171295 -0.29087717 0.91930539 0.26508156 -0.28317645 0.15921540 -0.22668825 0.96086598 1.24356699
0.94122930 0.32641032 -0.08685707 79.04067993 -0.29308606 0.91707160 0.27033388 -0.27186686 0.16789389 -0.22898956 0.95884092 1.25513911
0.93880885 0.33106415 -0.09505224 79.48213959 -0.29686953 0.91766959 0.26410440 -0.27741265 0.17466202 -0.21972543 0.95979914 1.24615324
0.93878649 0.32942131 -0.10080697 79.93251038 -0.29409918 0.91874684 0.26345797 -0.28553334 0.17940471 -0.21768352 0.95938956 1.23513710
0.93733715 0.33237932 -0.10451615 80.36333466 -0.29488735 0.91655153 0.27013872 -0.28358346 0.18558292 -0.22239054 0.95713212 1.24028397
0.93570268 0.33776501 -0.10186188 80.81174469 -0.30221828 0.91638756 0.26248444 -0.27684852 0.18200298 -0.21482285 0.95954494 1.24457693
0.93568436 0.33683372 -0.10506378 81.26934814 -0.30085477 0.91720706 0.26118534 -0.28501004 0.18434123 -0.21277809 0.95955424 1.24483573
0.93320408 0.34211970 -0.10993086 81.72873688 -0.30490947 0.91575568 0.26157583 -0.27804688 0.19016002 -0.21058466 0.95890240 1.24060416
0.93316569 0.34406150 -0.10403852 82.19779205 -0.30817779 0.91479556 0.26110472 -0.29224068 0.18501003 -0.21159160 0.95968789 1.25910890
0.93401066 0.34264195 -0.10109920 82.66481018 -0.30575454 0.91307478 0.26983086 -0.29306367 0.18476648 -0.22111335 0.95758587 1.25652885
0.93516804 0.33909100 -0.10236473 83.12895203 -0.30179885 0.91408702 0.27085498 -0.28960899 0.18541473 -0.22240136 0.95716219 1.25050592
0.93499976 0.34002896 -0.10077815 83.61535645 -0.30231942 0.91274485 0.27477241 -0.29042900 0.18541528 -0.22644493 0.95621352 1.24658394
0.93155672 0.34711571 -0.10822729 84.05355072 -0.30703386 0.91042577 0.27722757 -0.28410959 0.19476293 -0.22502376 0.95468951 1.24769998
0.93250007 0.34799636 -0.09665686 84.49274445 -0.30914210 0.90743319 0.28459833 -0.30336216 0.18674880 -0.23550724 0.95376180 1.25221753
0.93244054 0.34714570 -0.10022410 84.96600342 -0.30635094 0.90662798 0.29012902 -0.30049714 0.19158299 -0.23982431 0.95172508 1.23018777
0.93118736 0.34809889 -0.10824797 85.41450500 -0.30340958 0.90467495 0.29917547 -0.29092237 0.20207184 -0.24574493 0.94803838 1.24732089
0.92909444 0.35305764 -0.11015503 85.86746979 -0.30748917 0.90289709 0.30037852 -0.28570610 0.20550956 -0.24520853 0.94743808 1.23455501
0.92967056 0.35065055 -0.11294799 86.33921814 -0.30423425 0.90367592 0.30134921 -0.29902184 0.20773661 -0.24579282 0.94680076 1.24336112
0.92784686 0.35251301 -0.12179986 86.78907776 -0.30466004 0.90474776 0.29768058 -0.29111606 0.21513439 -0.23909441 0.94686393 1.23464608
0.92652018 0.35515013 -0.12421422 87.22244263 -0.30502307 0.90230110 0.30465339 -0.29206052 0.22027627 -0.24437927 0.94432906 1.23976839
0.92593436 0.35584127 -0.12658187 87.65911102 -0.30645879 0.90374978 0.29886351 -0.28565520 0.22074626 -0.23793583 0.94586355 1.23260462
0.92381980 0.36055699 -0.12867068 88.12420654 -0.31238504 0.90426545 0.29106639 -0.28768983 0.22129841 -0.22869805 0.94801078 1.22764552
0.92200085 0.36462239 -0.13025164 88.53999329 -0.31571789 0.90273080 0.29223176 -0.29740992 0.22413636 -0.22831511 0.94743623 1.23407233
0.92038916 0.36863665 -0.13035096 88.97760010 -0.31882143 0.90053974 0.29560305 -0.30779496 0.22635628 -0.23051112 0.94637613 1.25004208
0.92112419 0.37130424 -0.11689314 89.38494873 -0.32326315 0.89692621 0.30170260 -0.31256711 0.21686791 -0.24011827 0.94620925 1.22057116
0.92164494 0.37203468 -0.11027871 89.84877777 -0.32461865 0.89492877 0.30614592 -0.30885932 0.21258844 -0.24635926 0.94557583 1.23074520
0.92079991 0.37478054 -0.10801698 90.32287598 -0.32843234 0.89441754 0.30356146 -0.31181359 0.21038115 -0.24404305 0.94666949 1.22962439
0.92242109 0.37406330 -0.09600313 90.78316498 -0.33069402 0.89346974 0.30389707 -0.30923271 0.19945257 -0.24857335 0.94785564 1.23205459
0.92078643 0.37854502 -0.09410964 91.22856140 -0.33629851 0.89264433 0.30014922 -0.31377402 0.19762637 -0.24472435 0.94923875 1.22027397
0.91979223 0.38112576 -0.09341337 91.68373871 -0.33735804 0.88961797 0.30784668 -0.32200912 0.20043045 -0.25164118 0.94683938 1.22713685
0.92043668 0.37933636 -0.09434426 92.12541962 -0.33341145 0.88786238 0.31707630 -0.32712561 0.20404323 -0.26039315 0.94369604 1.23625517
0.92045796 0.37940769 -0.09384863 92.56734467 -0.33410067 0.88841070 0.31480699 -0.31357911 0.20281625 -0.25841164 0.94450487 1.22403038
0.91973876 0.37835236 -0.10455029 93.02819061 -0.32990975 0.88941041 0.31640006 -0.31494784 0.21269875 -0.25651316 0.94284715 1.22421062
0.91763743 0.38358814 -0.10393443 93.46920776 -0.33569561 0.88812392 0.31391841 -0.31320372 0.21272195 -0.25317288 0.94374436 1.23128521
0.91593955 0.38889887 -0.09906108 93.93792725 -0.34246093 0.88611437 0.31228558 -0.31793436 0.20922687 -0.25211009 0.94480963 1.22798193
0.91726202 0.38498351 -0.10207253 94.40332794 -0.33650905 0.88619972 0.31845281 -0.33184284 0.21305564 -0.25775625 0.94242752 1.22659969
0.92357856 0.37451325 -0.08211745 94.84819794 -0.32996162 0.88546196 0.32723530 -0.32443416 0.19526574 -0.27513180 0.94136837 1.24278998
0.92119815 0.37823056 -0.09130434 95.30361938 -0.33049969 0.88446178 0.32939012 -0.31195506 0.20534050 -0.27325740 0.93976930 1.21978104
0.91984494 0.38103105 -0.09328174 95.72138214 -0.33300785 0.88414226 0.32771739 -0.31659490 0.20734474 -0.27038553 0.94015983 1.21768093
0.91628889 0.38811043 -0.09892300 96.13333130 -0.33851078 0.88244653 0.32664820 -0.32184297 0.21406974 -0.26581752 0.93995524 1.20425940
0.91824134 0.38456483 -0.09457042 96.58421326 -0.33662451 0.88372722 0.32513171 -0.32834473 0.20860858 -0.26671456 0.94092850 1.22412407
0.91613361 0.39061041 -0.09013090 97.00785828 -0.34291265 0.88006053 0.32848870 -0.32701355 0.20763166 -0.27003241 0.94019797 1.19913113
0.91285943 0.39817309 -0.09025907 97.45068359 -0.35059703 0.87778714 0.32645364 -0.33017984 0.20921320 -0.26636161 0.94089423 1.21463346
0.91424957 0.39476238 -0.09116641 97.91024017 -0.34462112 0.87603234 0.33734886 -0.33478472 0.21303724 -0.27700305 0.93695526 1.23226595
0.91303263 0.39684448 -0.09426951 98.36486816 -0.34507570 0.87474394 0.34021514 -0.32959938 0.21747408 -0.27809729 0.93561080 1.22038221
0.91269659 0.39852152 -0.09036830 98.81817627 -0.34743060 0.87319352 0.34179760 -0.32900935 0.21512259 -0.28056066 0.93541893 1.21179426
0.91288052 0.39810963 -0.09032645 99.26782990 -0.34592333 0.87187056 0.34666901 -0.34158304 0.21676511 -0.28522122 0.93362863 1.21348965
0.91077391 0.40250429 -0.09209840 99.74253082 -0.34877615 0.86932611 0.35018264 -0.33891246 0.22101343 -0.28681534 0.93214302 1.20541286
0.90957632 0.40684521 -0.08455140 100.18968964 -0.35511048 0.86671282 0.35029428 -0.33134183 0.21579719 -0.28859413 0.93281598 1.21436703
0.90889355 0.40863938 -0.08323075 100.63243866 -0.35693669 0.86548418 0.35147404 -0.35107908 0.21566089 -0.28974423 0.93249093 1.20039439
0.90644763 0.41483633 -0.07914791 101.05570221 -0.36281578 0.86085204 0.35679006 -0.33821237 0.21614400 -0.29469525 0.93082605 1.20932341
0.90673727 0.41491949 -0.07530081 101.51221466 -0.36734918 0.86487113 0.34213026 -0.34458199 0.20708189 -0.28256044 0.93663083 1.20121086
0.90985805 0.40933539 -0.06785080 101.95441437 -0.36222925 0.86337435 0.35124820 -0.36267048 0.20235884 -0.29500831 0.93382093 1.19922078
0.90522887 0.41717762 -0.08077324 102.41677856 -0.36567314 0.86162069 0.35198504 -0.33457807 0.21643606 -0.28909028 0.93251419 1.18999696
0.90578236 0.41763813 -0.07167678 102.84831238 -0.36981017 0.86168671 0.34747226 -0.35146382 0.20688047 -0.28822730 0.93494703 1.20315039
0.90341528 0.42219542 -0.07478467 103.25811768 -0.37222863 0.85883363 0.35192500 -0.36542216 0.21280859 -0.29009728 0.93303624 1.19205475
0.89974565 0.42956777 -0.07700790 103.70698547 -0.38004709 0.85797779 0.34559945 -0.35503423 0.21452932 -0.28168482 0.93521732 1.20035219
0.89803352 0.43237137 -0.08118954 104.14176178 -0.38101642 0.85667188 0.34776495 -0.36145529 0.21991625 -0.28136987 0.93406016 1.20130336
0.89790852 0.43370914 -0.07521750 104.55972290 -0.38344571 0.85458594 0.35021847 -0.37411758 0.21617261 -0.28562213 0.93364335 1.18297315
0.89628388 0.43718420 -0.07447269 105.00528717 -0.38762389 0.85385536 0.34738953 -0.37026715 0.21546197 -0.28249207 0.93475931 1.19148278
0.89553976 0.43872519 -0.07436207 105.44505310 -0.38962187 0.85382304 0.34522708 -0.37136641 0.21495172 -0.28019132 0.93556892 1.20117092
0.89536014 0.43829356 -0.07892987 105.89038086 -0.38705039 0.85350711 0.34888150 -0.37716699 0.22027957 -0.28182459 0.93383745 1.20046425
0.89530078 0.43857369 -0.07804164 106.33154297 -0.38775122 0.85349869 0.34812307 -0.37886760 0.21928592 -0.28141396 0.93419506 1.19892299
0.89323847 0.44402588 -0.07047651 106.77213287 -0.39573763 0.85092463 0.34542685 -0.37237030 0.21334852 -0.28065819 0.93579589 1.20654762
0.88941687 0.45171137 -0.06996700 107.22434235 -0.40516823 0.84994242 0.33680456 -0.37485054 0.21160622 -0.27121108 0.93897171 1.18911326
0.88631722 0.45787711 -0.06921897 107.68062592 -0.41079731 0.84641246 0.33886901 -0.39516085 0.21374802 -0.27191031 0.93828415 1.19391346
0.88321779 0.46402763 -0.06786413 108.08233643 -0.41658783 0.84277351 0.34086365 -0.39161959 0.21536412 -0.27278533 0.93766038 1.19572580
0.88183271 0.46693202 -0.06592673 108.52130890 -0.42047191 0.84186050 0.33834137 -0.40434876 0.21348340 -0.27064002 0.93871151 1.18840945
0.88258848 0.46631717 -0.05988832 108.97335815 -0.42153657 0.84129599 0.33842076 -0.41454798 0.20819509 -0.27344100 0.93908746 1.20237935
0.88048825 0.46839726 -0.07311081 109.40319061 -0.42015865 0.84245144 0.33725794 -0.40422270 0.21956287 -0.26623337 0.93856933 1.18785000
0.87833321 0.47321862 -0.06779148 109.84695435 -0.42446962 0.83723936 0.34475564 -0.40837336 0.21990235 -0.27403475 0.93624161 1.20403171
0.87555996 0.47827404 -0.06818631 110.27509308 -0.42828330 0.83373123 0.34852005 -0.41108561 0.22353702 -0.27594701 0.93481807 1.17576587
0.87318702 0.48230514 -0.07019184 110.70994568 -0.43005334 0.83020827 0.35469554 -0.41612402 0.22934520 -0.27952917 0.93234360 1.18948722
0.87104052 0.48513446 -0.07703053 111.15048981 -0.42949983 0.82828458 0.35982667 -0.40976074 0.23836737 -0.28033885 0.92983413 1.19999981
0.87072356 0.48558740 -0.07775655 111.56259918 -0.43014389 0.82866166 0.35818524 -0.41523618 0.23836399 -0.27843369 0.93040728 1.18919003
0.87411987 0.48093006 -0.06798152 111.99734497 -0.42926063 0.83041315 0.35517593 -0.41753051 0.22726741 -0.28128442 0.93232458 1.18808973
0.87001474 0.48760742 -0.07289813 112.41542053 -0.43341659 0.82689463 0.35832397 -0.41497931 0.23500036 -0.28015173 0.93074722 1.19368887
0.86750842 0.48959837 -0.08788224 112.83733368 -0.43056209 0.82756218 0.36021915 -0.42446065 0.24909059 -0.27465424 0.92871924 1.17189956
0.86436338 0.49260138 -0.10109627 113.25798035 -0.42901305 0.82724155 0.36279448 -0.42116287 0.26234396 -0.27021451 0.92636934 1.18721724
0.86258676 0.49478867 -0.10549340 113.67864227 -0.42850554 0.82539933 0.36755886 -0.40925223 0.26893803 -0.27184678 0.92399788 1.19417679
0.86332970 0.49424020 -0.10192668 114.13717651 -0.43032799 0.82652392 0.36287279 -0.41474244 0.26359103 -0.26941683 0.92624767 1.18870652
0.86568507 0.48770418 -0.11284783 114.55455780 -0.42125779 0.83152414 0.36209138 -0.42548156 0.27042904 -0.26591894 0.92528683 1.18106067
0.86140576 0.49289243 -0.12262871 114.97786713 -0.42290178 0.82972231 0.36430159 -0.40308225 0.28130916 -0.26195147 0.92317232 1.19891191
0.86138705 0.49108555 -0.12979962 115.40972900 -0.41881004 0.83123742 0.36557241 -0.41231769 0.28742150 -0.26053783 0.92168835 1.19477236
0.86159886 0.49242371 -0.12315391 115.81759644 -0.42386645 0.83146894 0.35916183 -0.40276036 0.27925835 -0.25725250 0.92511428 1.20729339
0.86181509 0.49117634 -0.12657500 116.24186707 -0.42014445 0.83108456 0.36438673 -0.41035253 0.28417255 -0.26085408 0.92260589 1.19569385
0.86329795 0.48761012 -0.13020668 116.68894196 -0.41406973 0.83180627 0.36965547 -0.41497403 0.28855435 -0.26520804 0.92000087 1.18812370
0.86171407 0.49007803 -0.13142764 117.09873962 -0.41420298 0.82904496 0.37566066 -0.40149251 0.29306233 -0.26927422 0.91739110 1.17859769
0.86150818 0.49304625 -0.12128449 117.52946472 -0.41954544 0.82579159 0.37689591 -0.40509668 0.28598267 -0.27381440 0.91828108 1.19896388
0.86042698 0.49514505 -0.12040638 117.96662140 -0.41936105 0.82228237 0.38469304 -0.41531405 0.28948674 -0.28050637 0.91515803 1.19445097
0.85956790 0.49717003 -0.11817747 118.38123322 -0.42138438 0.82040719 0.38648147 -0.40266433 0.28910050 -0.28240878 0.91469495 1.18181586
0.85559819 0.50409697 -0.11763898 118.79255676 -0.42674049 0.81552658 0.39090868 -0.40753269 0.29299346 -0.28425930 0.91288127 1.17127490
0.85346133 0.50871189 -0.11321202 119.20059967 -0.43361859 0.81365356 0.38722531 -0.40857106 0.28910134 -0.28139085 0.91500838 1.20069849
0.85168869 0.51171234 -0.11303925 119.62493896 -0.43746677 0.81299950 0.38425937 -0.40993869 0.28853096 -0.27781829 0.91627918 1.16633022
0.85148762 0.51388343 -0.10437268 120.03837585 -0.44245241 0.81091067 0.38296261 -0.42884457 0.28143491 -0.27990782 0.91784891 1.16811204
0.85110651 0.51476011 -0.10315406 120.45434570 -0.44512818 0.81173991 0.37807387 -0.42699498 0.27835146 -0.27586420 0.92001089 1.17693448
0.84871679 0.51730424 -0.10989636 120.88439941 -0.44409093 0.80997406 0.38304825 -0.43085608 0.28716551 -0.27629533 0.91716819 1.17934108
0.84697986 0.52034566 -0.10893373 121.30130005 -0.44794343 0.80886832 0.38089287 -0.42518085 0.28630882 -0.27381227 0.91818009 1.17720854
0.84644787 0.51912047 -0.11849451 121.69412231 -0.44608608 0.81285368 0.37453543 -0.44703105 0.29074753 -0.26416580 0.91961018 1.15308082
0.84502590 0.51943977 -0.12694348 122.10043335 -0.44120519 0.81142798 0.38330581 -0.43257144 0.30210958 -0.26789503 0.91485663 1.18694043
0.84307555 0.52091247 -0.13369696 122.51443481 -0.43978129 0.81086827 0.38611617 -0.42578149 0.30954318 -0.26672750 0.91271026 1.18154335
0.83848668 0.52576098 -0.14323600 122.93341064 -0.44091447 0.80904971 0.38863053 -0.42132777 0.32021164 -0.26270652 0.91019251 1.18483138
0.83773161 0.52780863 -0.14008880 123.32994080 -0.44546587 0.80888955 0.38374277 -0.42367649 0.31585894 -0.25906850 0.91275257 1.18994486
0.83755700 0.52800921 -0.14037684 123.74165344 -0.44399398 0.80752171 0.38830236 -0.43554610 0.31838438 -0.26289871 0.91077785 1.16969740
0.83672549 0.52695523 -0.14902943 124.15000153 -0.43797922 0.80730309 0.39552074 -0.43411681 0.32873345 -0.26567031 0.90628597 1.18624997
0.83765806 0.52578232 -0.14792919 124.57198334 -0.43729220 0.80785527 0.39515324 -0.41721231 0.32726977 -0.26631483 0.90662644 1.18115401
0.83261898 0.53246193 -0.15241748 124.98145294 -0.44102456 0.80387834 0.39909609 -0.42114925 0.33502838 -0.26507494 0.90415258 1.17700863
0.83254287 0.53515979 -0.14309989 125.37751770 -0.44598096 0.80073943 0.39989761 -0.43144652 0.32859464 -0.26911188 0.90532040 1.17731750
0.83006513 0.53831778 -0.14562672 125.81057739 -0.44925077 0.80020517 0.39729866 -0.42575991 0.33040397 -0.26436064 0.90606147 1.17203701
0.83088539 0.53606214 -0.14922514 126.22130585 -0.44322115 0.79971831 0.40497706 -0.43787256 0.33643071 -0.27034957 0.90206769 1.19035327
0.82836188 0.53851809 -0.15432488 126.63562012 -0.44323365 0.79852021 0.40732087 -0.42371035 0.34258094 -0.26900687 0.90015236 1.16661310
0.82786274 0.54005300 -0.15161594 127.02946472 -0.44344685 0.79563480 0.41269974 -0.42967841 0.34351040 -0.27442489 0.89816053 1.18827045
0.82748158 0.54103312 -0.15019581 127.41532135 -0.44470922 0.79479865 0.41295243 -0.42152938 0.34279613 -0.27491684 0.89828300 1.16488302
0.82686714 0.54278964 -0.14721235 127.83228302 -0.44648487 0.79272059 0.41502554 -0.42333752 0.34196960 -0.27744268 0.89782134 1.17404282
0.82646560 0.54320077 -0.14794901 128.23526001 -0.44659297 0.79256642 0.41520374 -0.42871338 0.34279817 -0.27707839 0.89761786 1.15972078
0.82694764 0.54262536 -0.14736571 128.64152527 -0.44551918 0.79221509 0.41702374 -0.43368348 0.34303277 -0.27920233 0.89686979 1.16525471
0.82089393 0.55047386 -0.15202950 129.05682373 -0.45031360 0.78766004 0.42048806 -0.42787099 0.35121502 -0.27671493 0.89447061 1.16617358
0.81651535 0.55590331 -0.15580583 129.47772217 -0.45597879 0.78649337 0.41654812 -0.43218201 0.35410052 -0.26907358 0.89566344 1.16847253
0.81428532 0.56102615 -0.14896403 129.90243530 -0.46072191 0.78076804 0.42206318 -0.44092473 0.35309464 -0.27504867 0.89424446 1.17172003
0.81422228 0.56120651 -0.14862896 130.32644653 -0.45895204 0.77900882 0.42721069 -0.44853383 0.35553650 -0.27963071 0.89185269 1.16118836
0.81286213 0.56098879 -0.15667806 130.73388672 -0.45495487 0.77948431 0.43060538 -0.44200778 0.36369268 -0.27874116 0.88883731 1.16041744
