1.00000000 0.00000000 0.00000000 0.00000000 0.00000000 1.00000000 0.00000000 0.00000000 0.00000000 0.00000000 1.00000000 0.00000000
0.99943943 -0.01706595 -0.02880293 -0.02689875 0.01868681 0.99820065 0.05697636 0.00217823 0.02777875 -0.05748266 0.99796001 1.52107918
0.99864774 -0.03239454 -0.04066082 0.37469456 0.03577045 0.99571747 0.08524820 0.01696891 0.03772512 -0.08658738 0.99552982 1.26275039
0.99582395 -0.05672270 -0.07153496 0.84331453 0.06432746 0.99196667 0.10892294 0.05300881 0.06478189 -0.11306973 0.99147303 1.26226151
0.99333440 -0.07878900 -0.08413768 1.27906156 0.09117936 0.98364132 0.15535826 0.09397718 0.07052077 -0.16199432 0.98426874 1.27343845
0.98920179 -0.10232115 -0.10492983 1.70912695 0.12174393 0.97228513 0.19959995 0.09372032 0.08159841 -0.21021919 0.97424322 1.24071622
0.98614971 -0.10789514 -0.12596616 2.11687255 0.13666423 0.95893302 0.24853646 0.15642264 0.09397723 -0.26230922 0.96039702 1.23285663
0.97917725 -0.13364561 -0.15280998 2.55401254 0.17451700 0.93870050 0.29729652 0.17802736 0.10371042 -0.31777390 0.94247766 1.23076510
0.97509176 -0.14321871 -0.16936529 3.00026631 0.19501510 0.91735304 0.34703399 0.21773846 0.10566599 -0.37141872 0.92243322 1.21336699
0.96884058 -0.15955735 -0.18944525 3.43517423 0.22297163 0.89489315 0.38658766 0.21099025 0.10785034 -0.41678266 0.90258556 1.20383453
0.96085737 -0.16672244 -0.22126212 3.90834999 0.24751160 0.87539778 0.41523104 0.25253856 0.12446402 -0.45374267 0.88239814 1.16390944
0.95589664 -0.16349114 -0.24399279 4.37576771 0.26211583 0.84966281 0.45756805 0.24293567 0.13250326 -0.50134204 0.85504343 1.18121600
0.95063909 -0.17092455 -0.25897933 4.81457376 0.28399578 0.81554682 0.50421217 0.30197796 0.12502752 -0.55287274 0.82383253 1.15669918
0.94155117 -0.18742503 -0.27991690 5.24911690 0.31392507 0.78959109 0.52725431 0.29313955 0.12219922 -0.58430974 0.80227781 1.09323120
0.93510557 -0.19480132 -0.29602414 5.68579388 0.33569820 0.75453160 0.56390508 0.33034554 0.11351010 -0.62668541 0.77096109 1.09234715
0.92687025 -0.19662603 -0.31976547 6.05963516 0.35542400 0.73374390 0.57904564 0.36226478 0.12077050 -0.65035235 0.74997095 1.01422846
0.92638400 -0.21608457 -0.30841602 6.48179150 0.36747522 0.69772107 0.61493697 0.40166917 0.08230994 -0.68300284 0.72576327 1.06129897
0.91787900 -0.21925520 -0.33079556 6.91379786 0.38689716 0.67997510 0.62285209 0.39798558 0.08836916 -0.69968650 0.70896396 0.99761230
0.91349378 -0.20932597 -0.34887281 7.30943489 0.39623851 0.65232404 0.64611818 0.42989990 0.09232878 -0.72846154 0.67883682 0.96810043
0.91067040 -0.22765617 -0.34475005 7.73144484 0.40934326 0.61000384 0.67847897 0.44023415 0.05583891 -0.75899160 0.64870185 0.99150860
0.90248527 -0.22589987 -0.36672898 8.13376617 0.42813621 0.56362768 0.70641599 0.39959151 0.04711931 -0.79453974 0.60538149 0.88304228
0.89280566 -0.21406949 -0.39632430 8.58044529 0.44742604 0.52311559 0.72536914 0.44346124 0.05204401 -0.82493919 0.56282069 0.85296106
0.88249541 -0.21482373 -0.41839358 8.98394966 0.46819840 0.48570067 0.73816360 0.46576560 0.04463898 -0.84731690 0.52920863 0.84689057
0.87573965 -0.20843295 -0.43547249 9.34412766 0.48055144 0.46298377 0.74479303 0.50080276 0.04637729 -0.86151144 0.50561590 0.77020252
0.86906630 -0.20357721 -0.45086642 9.78157330 0.49395711 0.40689967 0.76840050 0.50596684 0.02702857 -0.89049940 0.45418113 0.81342256
0.85884042 -0.20222270 -0.47063735 10.19326019 0.51213063 0.35827110 0.78061790 0.52200508 0.01075711 -0.91145380 0.41126210 0.76486242
0.84886367 -0.19712572 -0.49048167 10.57421875 0.52860502 0.32136446 0.78568561 0.53245473 0.00274455 -0.92621085 0.37699623 0.66047925
0.83324407 -0.19109255 -0.51883370 11.00160694 0.55285768 0.30032540 0.77727300 0.53312594 0.00728788 -0.93449907 0.35589130 0.65080160
0.82245183 -0.17253098 -0.54203914 11.43073750 0.56883177 0.25268465 0.78267557 0.57517737 0.00192921 -0.95204184 0.30596204 0.64145201
0.79510345 -0.16027089 -0.58491378 11.87390041 0.60644253 0.20026635 0.76949404 0.60635501 -0.00618892 -0.96654371 0.25642752 0.60156196
0.78798220 -0.16499995 -0.59317751 12.22974968 0.61452059 0.15120313 0.77427541 0.61534405 -0.03806507 -0.97463472 0.22054120 0.50734270
0.78098865 -0.13660411 -0.60942310 12.64331245 0.62192419 0.08079604 0.77889835 0.61851925 -0.05716171 -0.98732548 0.14805817 0.50041270
0.76784283 -0.10858779 -0.63136880 13.02211094 0.63930274 0.06626563 0.76609482 0.64200824 -0.04135046 -0.99187592 0.12030205 0.44305310
0.75079967 -0.08950656 -0.65443781 13.38524532 0.65773458 0.01024757 0.75318030 0.66080230 -0.06070815 -0.99593361 0.06656542 0.44890293
0.73304381 -0.07333893 -0.67621638 13.75551605 0.67636707 -0.02654765 0.73608636 0.70433301 -0.07193570 -0.99695373 0.03014344 0.36647645
0.72602707 -0.05193333 -0.68570257 14.08936787 0.68339445 -0.05648390 0.72786112 0.68319809 -0.07653137 -0.99705196 -0.00551789 0.30779430
0.72266872 -0.03279180 -0.69041652 14.43267727 0.68567073 -0.09202217 0.72207186 0.70759350 -0.08721162 -0.99521689 -0.04401716 0.32035089
0.71273713 -0.01715769 -0.70122165 14.75417900 0.69294366 -0.13782738 0.70769556 0.68068719 -0.10878991 -0.99030769 -0.08634537 0.26098847
0.70475267 0.00753145 -0.70941334 15.10154343 0.70112358 -0.16017353 0.69481685 0.70693737 -0.10839622 -0.98706020 -0.11816319 0.21781771
0.69445049 0.01917298 -0.71928521 15.46945381 0.70942914 -0.18524249 0.67999693 0.74801385 -0.12020457 -0.98250585 -0.14224361 0.24485147
0.68016893 0.03449241 -0.73224364 15.80956745 0.72194690 -0.20475771 0.66095929 0.74424279 -0.12713442 -0.97820482 -0.16417152 0.19864686
0.66628973 0.06545253 -0.74281512 16.18328285 0.73149337 -0.25084206 0.63403157 0.74489254 -0.14483026 -0.96581283 -0.21501157 0.21056762
0.66125034 0.08361969 -0.74549047 16.48187065 0.73387786 -0.27806702 0.61975986 0.73487997 -0.15547214 -0.95691515 -0.24523854 0.12662774
0.65896219 0.10422429 -0.74492044 16.81085014 0.73339698 -0.30894502 0.60554288 0.74464601 -0.16702713 -0.94535200 -0.28002083 0.11296880
0.64685720 0.14379283 -0.74893237 17.18485451 0.74315072 -0.33929592 0.57671968 0.77409303 -0.17118149 -0.92962466 -0.32633572 0.12153275
0.62618219 0.17576383 -0.75960731 17.52336311 0.75627194 -0.37384433 0.53692962 0.77703053 -0.18960202 -0.91068523 -0.36701988 0.09124301
0.61941756 0.18758255 -0.76232214 17.80956268 0.75548407 -0.40645630 0.51384569 0.76484305 -0.21346209 -0.89420705 -0.39348176 0.00269106
0.60045068 0.22854201 -0.76630794 18.11650848 0.76608584 -0.43917076 0.46929925 0.76994193 -0.22928539 -0.86884850 -0.43878314 -0.02570776
0.57524823 0.24909449 -0.77912880 18.44848824 0.77749185 -0.46246310 0.42618593 0.77853262 -0.25415770 -0.85092882 -0.45970000 -0.02548288
0.56641701 0.27353778 -0.77739893 18.75577164 0.78015626 -0.48195402 0.39884423 0.80710417 -0.26557152 -0.83240462 -0.48638914 -0.02549299
0.53959586 0.30350856 -0.78531465 19.05364418 0.78797611 -0.51058035 0.34409529 0.79853666 -0.29653030 -0.80448138 -0.51466450 -0.02084784
0.53868696 0.31991305 -0.77940509 19.34053040 0.78016580 -0.53864728 0.31812055 0.82797050 -0.31805345 -0.77943239 -0.53974743 -0.09505667
0.52134807 0.35358084 -0.77664470 19.61391258 0.78794442 -0.54888925 0.27904202 0.81156552 -0.32762796 -0.75743071 -0.56476437 -0.12705503
0.51784909 0.36437440 -0.77399214 19.88362312 0.77388662 -0.58513641 0.24231212 0.80557948 -0.36459859 -0.72446309 -0.58499677 -0.11063066
0.52643616 0.38024168 -0.76044822 20.13821411 0.76123885 -0.60914277 0.22239793 0.77243394 -0.37865650 -0.69596086 -0.61012945 -0.16025093
0.52183470 0.40412298 -0.75124793 20.39724731 0.74869727 -0.63903887 0.17630112 0.75763917 -0.40882921 -0.65445710 -0.63603832 -0.17883419
0.51494841 0.42302207 -0.74557412 20.68272591 0.73172381 -0.66999649 0.12524124 0.79910111 -0.44655214 -0.61004689 -0.65454883 -0.19048698
0.49775494 0.46624345 -0.73133942 21.01111603 0.72552799 -0.68586589 0.05654636 0.77006745 -0.47523629 -0.55875322 -0.67966566 -0.19795229
0.49452799 0.51238799 -0.70206903 21.29582214 0.72848109 -0.68493816 0.01324673 0.73364073 -0.47408628 -0.51799464 -0.71198587 -0.26546401
0.48408078 0.53433409 -0.69293091 21.53668785 0.71566373 -0.69741991 -0.03783387 0.74399281 -0.50347960 -0.47759061 -0.72001089 -0.22907510
0.45803654 0.56560319 -0.68578125 21.76779938 0.72010520 -0.68841308 -0.08681227 0.72247452 -0.52120195 -0.45407121 -0.72261195 -0.28317085
0.47201169 0.57675824 -0.66674982 22.01340103 0.68482559 -0.71615240 -0.13468501 0.73361218 -0.55517504 -0.39303421 -0.73301090 -0.24193883
0.47484972 0.59937373 -0.64441392 22.25126457 0.66308680 -0.72511139 -0.18582192 0.68761563 -0.57864849 -0.33906463 -0.74175551 -0.24606517
0.46530130 0.62310036 -0.62868198 22.50796890 0.65335798 -0.72095041 -0.23098522 0.67862892 -0.59717538 -0.30327646 -0.74256656 -0.27234530
0.45097597 0.66078087 -0.59999143 22.77618980 0.65548200 -0.70145212 -0.27983671 0.69286042 -0.60577589 -0.26708375 -0.74946784 -0.26326081
0.44285387 0.68209172 -0.58192070 23.00554085 0.63894212 -0.69541161 -0.32887064 0.65627134 -0.62899426 -0.22617183 -0.74378269 -0.26165348
0.44147449 0.69389783 -0.56886420 23.25322723 0.60894950 -0.69733643 -0.37802466 0.65863484 -0.65900010 -0.17952115 -0.73040479 -0.22613753
0.43568068 0.71197939 -0.55069781 23.50442314 0.59159206 -0.68761340 -0.42095951 0.60807604 -0.67838156 -0.14238436 -0.72078103 -0.24499263
0.42940786 0.72668754 -0.53622237 23.74041939 0.58107653 -0.67684052 -0.45192610 0.62078089 -0.69134599 -0.11752546 -0.71290155 -0.22376004
0.43242377 0.73925476 -0.51624842 23.98074913 0.55899629 -0.66903527 -0.48981143 0.60808206 -0.70748372 -0.07677469 -0.70254724 -0.20825115
0.44407064 0.74784165 -0.49349210 24.20079422 0.53249511 -0.66323278 -0.52590064 0.57742620 -0.72059047 -0.02924496 -0.69274410 -0.17297612
0.43687113 0.77107952 -0.46322813 24.41159058 0.51279537 -0.63658265 -0.57602399 0.55012703 -0.73904325 0.01410714 -0.67351049 -0.18538207
0.44733302 0.77815301 -0.44087560 24.66273308 0.50487001 -0.62660141 -0.59369790 0.52349848 -0.73824105 0.04299591 -0.67316553 -0.17521511
0.45356565 0.79069620 -0.41119084 24.90776253 0.46922605 -0.60411807 -0.64410291 0.54062647 -0.75769751 0.09920160 -0.64502237 -0.18717699
0.46027476 0.80948423 -0.36453076 25.16586304 0.44805045 -0.56629028 -0.69178501 0.48828521 -0.76641923 0.15508308 -0.62333879 -0.14092462
0.46970617 0.81428338 -0.34105573 25.40222931 0.43598074 -0.54988191 -0.71242617 0.45333642 -0.76765710 0.18593729 -0.61329468 -0.13382356
0.49267163 0.80853165 -0.32179424 25.65269279 0.41647766 -0.54376165 -0.72860829 0.44170099 -0.76408217 0.22494455 -0.60463120 -0.12134713
0.50269221 0.81281375 -0.29433760 25.88652992 0.39639335 -0.51931227 -0.75709147 0.45475510 -0.76822747 0.26391054 -0.58324813 -0.11706785
0.50835934 0.81297943 -0.28396379 26.09464073 0.36164573 -0.50081259 -0.78638379 0.40880832 -0.78152650 0.29707128 -0.54860325 -0.11622614
0.51373580 0.81596380 -0.26510149 26.33131790 0.33119749 -0.47365721 -0.81606219 0.35831487 -0.79144443 0.33143941 -0.51357977 -0.08825334
0.53008440 0.81287817 -0.24132922 26.57210159 0.30313685 -0.44746260 -0.84135948 0.33922499 -0.79190852 0.37283572 -0.48360620 -0.05106531
0.51913382 0.83021732 -0.20307517 26.80884933 0.29658361 -0.39782002 -0.86820385 0.31082734 -0.80158518 0.39048516 -0.45275059 -0.02338696
0.51363712 0.83950530 -0.17722317 27.07090759 0.28899221 -0.36375441 -0.88553194 0.32181731 -0.80787439 0.40362588 -0.42944816 0.03466133
0.51428981 0.84695057 -0.13483692 27.37326050 0.27492764 -0.31174153 -0.90952329 0.28957886 -0.81235543 0.43068805 -0.39317551 0.06614400
0.53489947 0.83875729 -0.10182859 27.65651512 0.26578411 -0.28143707 -0.92203720 0.29692328 -0.80202365 0.46613266 -0.37346879 0.12916210
0.53819693 0.84012020 -0.06739697 27.91195297 0.23780934 -0.22808776 -0.94415214 0.28331187 -0.80857364 0.49211204 -0.32254448 0.17552176
0.55297229 0.83269643 -0.02895818 28.20284081 0.21500938 -0.17618787 -0.96058803 0.26653469 -0.80498026 0.52495216 -0.27646448 0.21616274
0.58085060 0.81395952 0.00909303 28.47991371 0.20771754 -0.13741009 -0.96848976 0.20683029 -0.78706199 0.56443652 -0.24888835 0.24237393
0.59340649 0.80402164 0.03765817 28.73919678 0.17993976 -0.08691147 -0.97983089 0.19511358 -0.78453232 0.58821407 -0.19624925 0.27108547
0.58998886 0.80553543 0.05500878 29.01267052 0.15744847 -0.04796089 -0.98636212 0.19134066 -0.79191140 0.59060360 -0.15512668 0.32831803
0.59406851 0.80129380 0.07078866 29.33785629 0.11523007 0.00232431 -0.99333635 0.18040738 -0.79611884 0.59826672 -0.09095231 0.37675115
0.60495427 0.79193928 0.08284206 29.61520576 0.08334433 0.04049077 -0.99569815 0.10935229 -0.79188682 0.60925611 -0.04150856 0.39460537
0.62806513 0.77105136 0.10494908 29.88356209 0.07454910 0.07462791 -0.99442128 0.09760801 -0.77458201 0.63238500 -0.01060999 0.42921779
0.64153646 0.75813485 0.11688804 30.18819427 0.05480769 0.10668702 -0.99278120 0.06531455 -0.76513250 0.64331154 0.02689200 0.48377365
0.65864967 0.74022279 0.13509645 30.51832581 0.02920067 0.15426178 -0.98759868 0.06924435 -0.75188334 0.65442630 0.07998946 0.52067399
0.66636678 0.72595983 0.17011110 30.85123825 0.03674423 0.19589638 -0.97993622 0.05880597 -0.74471859 0.65924743 0.10386400 0.61431545
0.67546983 0.71585843 0.17688226 31.17393875 0.00341513 0.23683733 -0.97154358 0.06689303 -0.73738015 0.65685237 0.15753171 0.58471733
0.68887388 0.69035492 0.22104970 31.48884201 0.00623534 0.29929146 -0.95414164 0.02778433 -0.72485485 0.65866151 0.20186946 0.60418767
0.69774851 0.66772515 0.25940379 31.84219742 0.00812136 0.35472543 -0.93493552 -0.01820937 -0.71629727 0.65445649 0.24208628 0.68854105
0.71486066 0.64492933 0.27026026 32.18573761 -0.01605935 0.40153054 -0.91570510 0.01922786 -0.69908299 0.65026125 0.29739548 0.75397629
0.72251970 0.63288907 0.27823902 32.53912735 -0.04974269 0.44900355 -0.89214464 0.00316228 -0.68955904 0.63075160 0.35589544 0.79578274
0.73588339 0.61720857 0.27844117 32.88694382 -0.08713229 0.49412035 -0.86501654 -0.01287135 -0.67147921 0.61228997 0.41739366 0.80138350
0.76234169 0.58437114 0.27811115 33.25523376 -0.10107286 0.53196311 -0.84071407 -0.08570994 -0.63923404 0.61280175 0.46460160 0.88729149
0.77611791 0.55448043 0.30032113 33.57932281 -0.08682235 0.56568215 -0.82004033 -0.07843132 -0.62458276 0.61037326 0.48717722 0.88138777
0.78501890 0.53387175 0.31420802 33.98700714 -0.09266298 0.60271206 -0.79256062 -0.04033495 -0.61250282 0.59305946 0.52261037 0.95521855
0.79600854 0.51953030 0.31057862 34.36551285 -0.11427515 0.63287418 -0.76577546 -0.04835950 -0.59440089 0.57407226 0.56314253 0.95310861
0.80574329 0.50368012 0.31158387 34.74945831 -0.12623310 0.66004696 -0.74054295 -0.08307397 -0.57865686 0.55735516 0.59540934 0.99814779
0.81839530 0.47769062 0.31943880 35.14612961 -0.12191771 0.68755533 -0.71582424 -0.12607133 -0.56157452 0.54688182 0.62093085 1.06172323
0.83088301 0.45342494 0.32255177 35.53897858 -0.12233609 0.71433092 -0.68903258 -0.12088303 -0.54283340 0.53304560 0.64899549 1.09131253
0.84702869 0.41640939 0.33037260 35.97439957 -0.11373950 0.74912007 -0.65259721 -0.07248183 -0.51923651 0.51519202 0.68188823 1.07898664
0.85682772 0.39155338 0.33545879 36.36913300 -0.11261826 0.77702721 -0.61931129 -0.08813067 -0.50315421 0.49286419 0.70987437 1.11222613
0.87609861 0.35830387 0.32259874 36.77386856 -0.10772737 0.79766982 -0.59339547 -0.10588668 -0.46994337 0.48512014 0.73743644 1.11004412
0.89032902 0.33950794 0.30339572 37.14216995 -0.12106884 0.81887371 -0.56106025 -0.11095764 -0.43892741 0.46279639 0.77017078 1.12534201
0.90105227 0.30292547 0.31038911 37.55646133 -0.10941384 0.85127719 -0.51318240 -0.11507910 -0.41968338 0.42844323 0.80018934 1.13290203
0.91235657 0.26109995 0.31532972 37.97473526 -0.09214502 0.88143080 -0.46323799 -0.06946485 -0.39889291 0.39358208 0.82823806 1.17007565
0.91962970 0.24133781 0.30989976 38.39035416 -0.09550167 0.90268361 -0.41957373 -0.07445741 -0.38100059 0.35625645 0.85318261 1.21143830
0.93140027 0.21439890 0.29415507 38.80641556 -0.08688371 0.91571371 -0.39232634 -0.10145793 -0.35347631 0.33985550 0.87152356 1.19717240
0.93961897 0.18372034 0.28872750 39.24506378 -0.07390854 0.93271080 -0.35297075 -0.07066455 -0.33414732 0.31031854 0.88997108 1.27120423
0.94826177 0.14162903 0.28415021 39.67291260 -0.05268031 0.95277075 -0.29908675 -0.02629309 -0.31308953 0.26864338 0.91093699 1.20498657
0.95937385 0.09152625 0.26688079 40.11488342 -0.01990260 0.96551711 -0.25957808 -0.00881115 -0.28143632 0.24372077 0.92811329 1.23884261
0.96348931 0.07792658 0.25615706 40.51666641 -0.01860470 0.97388202 -0.22629139 -0.01715992 -0.26710100 0.21326359 0.93977455 1.25972331
0.97229490 0.03937319 0.23041953 40.93077469 -0.00067493 0.98618140 -0.16566802 0.00167140 -0.23375844 0.16092264 0.95888549 1.22746933
0.97892109 0.01834122 0.20341566 41.41952515 0.00702379 0.99234730 -0.12327888 0.02726956 -0.20412015 0.12210905 0.97130061 1.28922856
0.97911089 -0.00352472 0.20329853 41.85333633 0.01775030 0.99751424 -0.06819432 0.01977945 -0.20255288 0.07037844 0.97673934 1.28968859
0.98064226 -0.02995077 0.19350614 42.32137299 0.03399804 0.99926649 -0.01762920 0.04725257 -0.19283625 0.02386683 0.98094094 1.26847804
0.98637513 -0.03224412 0.16132376 42.72797012 0.03140529 0.99947682 0.00774597 0.03123273 -0.16148917 -0.00257395 0.98687145 1.25969553
0.99106983 -0.03652043 0.12824898 43.15087509 0.02915526 0.99784155 0.05884223 0.04608440 -0.13012113 -0.05457753 0.98999514 1.27072442
0.99346895 -0.05612010 0.09935253 43.63157272 0.04573257 0.99353539 0.10390456 0.05708421 -0.10454141 -0.09868219 0.98961283 1.29118609
0.99362376 -0.06466548 0.09236442 44.12042618 0.04868088 0.98494418 0.16587747 0.07688191 -0.10170034 -0.16032326 0.98181166 1.31985128
0.99438104 -0.07986410 0.06949209 44.55422974 0.06216319 0.97182459 0.22736086 0.08445220 -0.08569207 -0.22176328 0.97132825 1.22340548
0.99492474 -0.09126023 0.04239641 45.01402664 0.07594855 0.95740990 0.27856488 0.10242068 -0.06601260 -0.27393090 0.95948157 1.23674834
0.99447198 -0.10047023 0.03053522 45.46359253 0.08445021 0.93804398 0.33606839 0.10119019 -0.06240819 -0.33163160 0.94134283 1.23271084
0.99403783 -0.10884857 -0.00647858 45.96784210 0.10331628 0.92118824 0.37515103 0.13079627 -0.03486659 -0.37358335 0.92694147 1.22314727
0.98983683 -0.13588331 -0.04195152 46.41900635 0.14115724 0.90292076 0.40596680 0.08140749 -0.01728513 -0.40776233 0.91292485 1.18296707
0.98448479 -0.15390227 -0.08429109 46.89135361 0.17540345 0.87665535 0.44800596 0.16400838 0.00494520 -0.45583964 0.89004856 1.16830611
0.97921872 -0.16818076 -0.11334525 47.35785675 0.20203244 0.85779388 0.47262345 0.18539038 0.01774080 -0.48570076 0.87394548 1.15134513
0.97313101 -0.17357577 -0.15129036 47.86205292 0.22703724 0.83279398 0.50488486 0.25469187 0.03835804 -0.52566723 0.84982548 1.14861763
0.97039475 -0.16715423 -0.17434093 48.30419159 0.23622995 0.80719760 0.54095094 0.24511544 0.05030547 -0.56612004 0.82278683 1.14263713
0.96014586 -0.18340790 -0.21090932 48.74591064 0.27313985 0.77578265 0.56882023 0.28366545 0.05929380 -0.60375760 0.79496015 1.06690669
0.94761010 -0.19367535 -0.25402003 49.19895935 0.30873917 0.75934058 0.57278489 0.27902424 0.08195354 -0.62120217 0.77935365 1.06362486
0.94379891 -0.17586640 -0.27984968 49.67743683 0.31820041 0.71248820 0.62538753 0.34416083 0.08940510 -0.67928783 0.72840606 1.05355930
0.93865550 -0.15183962 -0.30963172 50.10725403 0.32639480 0.68100081 0.65551877 0.31967765 0.11132591 -0.71636795 0.68878457 1.00761783
0.93280472 -0.14933089 -0.32798909 50.48453140 0.34275305 0.64879284 0.67940329 0.33407459 0.11134125 -0.74616927 0.65638038 0.97368097
0.92710652 -0.14585328 -0.34525572 50.89004517 0.35865578 0.61268624 0.70426011 0.37044308 0.10881497 -0.77675148 0.62033627 0.93704253
0.91552549 -0.13306650 -0.37961502 51.37434769 0.38291170 0.57744940 0.72106275 0.40714312 0.12325937 -0.80550976 0.57962215 0.93173194
0.89560509 -0.13116673 -0.42507407 51.79376984 0.42528994 0.53270079 0.73168236 0.42359009 0.13046511 -0.83607753 0.53287321 0.88115174
0.88736790 -0.12084742 -0.44494408 52.19630432 0.44059358 0.50661298 0.74109471 0.42619386 0.13585526 -0.85366248 0.50279647 0.82655299
0.87011385 -0.10232122 -0.48211341 52.62872696 0.47117633 0.45961035 0.75282937 0.43387836 0.14455409 -0.88220699 0.44812447 0.82730371
0.86047766 -0.09399074 -0.50074446 52.99126816 0.48788557 0.43517487 0.75669772 0.49341950 0.14678903 -0.89542676 0.42031478 0.78770173
0.85675216 -0.07620072 -0.51006884 53.37642288 0.49605878 0.39230417 0.77461218 0.49562266 0.14107634 -0.91667408 0.37390731 0.75585437
0.84893859 -0.06856933 -0.52402542 53.76431656 0.51132925 0.35721108 0.78162882 0.52832973 0.13359212 -0.93150364 0.33831160 0.71462214
0.83219935 -0.05125256 -0.55210366 54.19907379 0.53909435 0.30770526 0.78402529 0.53485346 0.12970212 -0.95010059 0.28370194 0.70719081
0.81222984 -0.03971350 -0.58198503 54.57401276 0.56910254 0.27301185 0.77562090 0.55457342 0.12808641 -0.96119089 0.24434930 0.62155861
0.80080630 -0.01965638 -0.59860165 54.93436050 0.58579441 0.23383488 0.77599426 0.56148487 0.12472094 -0.97207793 0.19877094 0.59964597
0.78909328 -0.00192027 -0.61427120 55.30221558 0.60403492 0.18424922 0.77536765 0.58815932 0.11169031 -0.98287799 0.14654966 0.56850988
0.77266590 0.01555165 -0.63462317 55.68853760 0.62594438 0.14786318 0.76572262 0.62859344 0.10574588 -0.98888587 0.10451432 0.58272809
0.76371553 0.03348500 -0.64468471 56.03349686 0.63806651 0.11250284 0.76171867 0.64496309 0.09803523 -0.99308734 0.06455446 0.48667768
0.74294332 0.06050440 -0.66661490 56.44487381 0.66145044 0.08623972 0.74501484 0.63919777 0.10256559 -0.99443581 0.02405053 0.48223785
0.73427866 0.08577187 -0.67340848 56.76867294 0.67006848 0.06745668 0.73922859 0.67780536 0.10883114 -0.99402890 -0.00794103 0.44379470
0.71848260 0.09555904 -0.68895005 57.12233353 0.68817758 0.04612902 0.72407512 0.70082867 0.10097273 -0.99435468 -0.03261869 0.45617288
0.70915774 0.11112206 -0.69623855 57.45352554 0.69924509 0.01561538 0.71471222 0.69465476 0.09029255 -0.99368441 -0.06662778 0.39179459
0.69927928 0.13479483 -0.70202545 57.79644394 0.71046391 -0.02243615 0.70337668 0.69938910 0.07906102 -0.99061977 -0.11145596 0.39120969
0.67162926 0.17987153 -0.71872195 58.15233994 0.73687880 -0.06138970 0.67323258 0.70973980 0.07697347 -0.98177291 -0.17377457 0.33849955
0.65492079 0.20328401 -0.72784293 58.48889542 0.75334995 -0.09975630 0.65001058 0.75520509 0.05953005 -0.97402507 -0.21847639 0.36877987
0.64010970 0.22293353 -0.73522865 58.81128693 0.76756784 -0.14424822 0.62452650 0.78547913 0.03317268 -0.96410255 -0.26345119 0.33858311
0.60862020 0.23093528 -0.75911219 59.13842010 0.79344926 -0.18266260 0.58058077 0.81267214 -0.00458461 -0.95566936 -0.29440745 0.27833572
0.57513058 0.27360876 -0.77095002 59.48906708 0.81795925 -0.20729854 0.53662962 0.81442523 -0.01299005 -0.93923702 -0.34302441 0.21553320
0.54650295 0.30330830 -0.78060201 59.81080246 0.83672317 -0.23679495 0.49378524 0.82688439 -0.03507325 -0.92300207 -0.38319407 0.19709717
0.53167146 0.33940954 -0.77596876 60.10071945 0.84528779 -0.27004190 0.46105020 0.83030611 -0.05305905 -0.90104335 -0.43047213 0.16516513
0.51840409 0.36540480 -0.77313482 60.36795807 0.85114221 -0.30776602 0.42525101 0.86226273 -0.08255568 -0.87849873 -0.47055842 0.17176412
0.48118075 0.39835809 -0.78088212 60.63327789 0.87033734 -0.32356800 0.37123862 0.87415683 -0.10478237 -0.85826291 -0.50240038 0.11522794
0.46003557 0.41346631 -0.78575686 60.87703323 0.87853113 -0.34019012 0.33534340 0.91945368 -0.12865333 -0.84458089 -0.51974233 0.09373273
0.44674751 0.45104771 -0.77264061 61.14321136 0.88109904 -0.37161579 0.29251933 0.89322072 -0.15518509 -0.81145437 -0.56343588 0.08691468
0.45337242 0.47341570 -0.75520321 61.39669037 0.86903962 -0.42305166 0.25651273 0.90861249 -0.19805264 -0.77259652 -0.60321670 0.09286091
0.43154493 0.48695625 -0.75937045 61.63576126 0.87058725 -0.44534013 0.20916839 0.91039246 -0.23632211 -0.75136300 -0.61612192 0.04884540
0.42139437 0.51489080 -0.74653544 61.91073227 0.86607768 -0.47262559 0.16289866 0.88942879 -0.26895654 -0.71520146 -0.64509689 0.03695994
0.39111297 0.53465694 -0.74911518 62.14316559 0.86563415 -0.49015449 0.10211538 0.91655344 -0.31258529 -0.68839755 -0.65452279 0.01977503
0.37534295 0.55018770 -0.74593034 62.35147858 0.86037799 -0.50616177 0.05959372 0.87138462 -0.34477352 -0.66414938 -0.66335336 -0.05734296
0.36187231 0.57113340 -0.73678761 62.59480286 0.85047485 -0.52592138 0.01003268 0.89393288 -0.38176218 -0.63024914 -0.67605068 -0.00619849
0.36293584 0.58721425 -0.72350391 62.77109528 0.83830728 -0.54477039 -0.02162430 0.85114437 -0.40684142 -0.59866963 -0.68998236 -0.07376710
0.34589051 0.61725537 -0.70665158 62.97722626 0.83166052 -0.55037698 -0.07367103 0.87305242 -0.43439843 -0.56221141 -0.70371679 -0.03751728
0.31562371 0.65614648 -0.68545926 63.16332245 0.82268389 -0.54919352 -0.14689849 0.85644794 -0.47283653 -0.51755095 -0.71313930 -0.10536534
0.30346118 0.68314873 -0.66424400 63.36911011 0.80699974 -0.55491933 -0.20203333 0.85536218 -0.50662045 -0.47473480 -0.71969696 -0.05869319
0.30298227 0.69345500 -0.65369935 63.52116013 0.79089032 -0.56566234 -0.23349531 0.80981898 -0.53169140 -0.44625891 -0.71983217 -0.08643281
0.31255234 0.69777981 -0.64452718 63.68519974 0.77453275 -0.58001906 -0.25234572 0.81198233 -0.54991960 -0.42033553 -0.72173928 -0.07486667
0.31481849 0.70956956 -0.63039769 63.83165741 0.75561186 -0.58930229 -0.28596313 0.78559631 -0.57440534 -0.38630888 -0.72168208 -0.12313996
0.31637652 0.72247102 -0.61477024 64.00800323 0.72888630 -0.59990871 -0.32990256 0.80092561 -0.60715084 -0.34372360 -0.71639589 -0.10099776
0.30924970 0.73889679 -0.59866274 64.18943024 0.71826242 -0.59406731 -0.36219411 0.73229915 -0.62326981 -0.31798796 -0.71443655 -0.08861071
0.31469145 0.75218348 -0.57895617 64.36022949 0.69980322 -0.59593896 -0.39387004 0.72415715 -0.64128486 -0.28120732 -0.71391695 -0.13695285
0.32427763 0.77674693 -0.53991584 64.53598785 0.68923109 -0.58493856 -0.42756136 0.70335072 -0.64792438 -0.23347770 -0.72504026 -0.09631530
0.32692105 0.79342890 -0.51341411 64.70181274 0.68268798 -0.57393765 -0.45225442 0.68185192 -0.65349922 -0.20264969 -0.72929631 -0.11993498
0.32899860 0.79555434 -0.50877695 64.87472534 0.64998992 -0.58160947 -0.48912658 0.70722896 -0.68503608 -0.16977748 -0.70845065 -0.11208996
0.33780369 0.81458565 -0.47152907 65.07886505 0.61941229 -0.56960148 -0.54026278 0.66297334 -0.70867378 -0.10956775 -0.69697749 -0.12124819
0.34040789 0.82649869 -0.44835599 65.25283813 0.59290035 -0.55876383 -0.57987358 0.62682378 -0.72978970 -0.06843652 -0.68023865 -0.08515263
0.34047373 0.83415587 -0.43389204 65.43881989 0.56559779 -0.55033404 -0.61419281 0.62728196 -0.75111794 -0.03629153 -0.65917068 -0.08921850
0.33885689 0.84314069 -0.41748114 65.61263275 0.52930095 -0.53769179 -0.65629969 0.56910354 -0.77782898 0.00141881 -0.62847540 -0.10356805
0.34762415 0.84722314 -0.40171026 65.79757690 0.50162007 -0.53000497 -0.68372020 0.57093036 -0.79217181 0.03617200 -0.60922632 -0.07126488
0.35733261 0.85298993 -0.38042384 65.99600983 0.45818381 -0.51503228 -0.72443815 0.53250527 -0.81386878 0.08456156 -0.57486366 -0.03852021
0.35838331 0.86544336 -0.35009978 66.17574310 0.43200530 -0.48618002 -0.75960627 0.49593878 -0.82760756 0.12098546 -0.54811462 -0.02617570
0.36110474 0.87956521 -0.30978872 66.37234497 0.41421221 -0.44892087 -0.79176987 0.47385031 -0.83548374 0.15759377 -0.52643384 -0.02562453
0.36261598 0.89220814 -0.26921185 66.55520630 0.38041349 -0.40541828 -0.83121770 0.43201989 -0.85076246 0.19900114 -0.48641889 0.04769260
0.36266882 0.90372402 -0.22749698 66.74263000 0.35762045 -0.36038919 -0.86152680 0.39692667 -0.86056982 0.23109146 -0.45389189 0.07807612
0.34852373 0.91789923 -0.18971776 66.95288849 0.33476482 -0.31096026 -0.88951525 0.39018789 -0.87548000 0.24650646 -0.41565722 0.13325812
0.36042112 0.91587916 -0.17681222 67.17652893 0.30401833 -0.29454181 -0.90599068 0.34382430 -0.88185659 0.27278413 -0.38460301 0.20239559
0.38156819 0.91250322 -0.14745878 67.36875916 0.24842762 -0.25489655 -0.93451193 0.33560491 -0.89033196 0.31994727 -0.32395133 0.19035771
0.39337335 0.91106153 -0.12338888 67.54541016 0.21742804 -0.22259070 -0.95035755 0.29273465 -0.89329954 0.34701719 -0.28565152 0.20061046
0.39674623 0.91295769 -0.09540027 67.77285004 0.17310412 -0.17647884 -0.96896400 0.24921323 -0.90145934 0.36791865 -0.22805403 0.28612763
0.40830059 0.90974821 -0.07516176 67.98111725 0.16131547 -0.15295028 -0.97497924 0.14762267 -0.89848172 0.38595985 -0.20920614 0.29466259
0.41920064 0.90636924 -0.05259384 68.17461395 0.14237214 -0.12283961 -0.98216171 0.15963356 -0.89666182 0.40423487 -0.18053617 0.29009944
0.43536878 0.89987088 -0.02621018 68.42720795 0.11014040 -0.08213759 -0.99051682 0.16108847 -0.89349014 0.42835323 -0.13487230 0.37195206
0.44973745 0.89315981 -0.00152510 68.68085480 0.08418061 -0.04408764 -0.99547524 0.10331047 -0.88918579 0.44757403 -0.09501464 0.38531679
0.45677559 0.88954961 0.00762658 68.93115997 0.02864769 -0.00614041 -0.99957125 0.11275404 -0.88912144 0.45679812 -0.02828842 0.47899479
0.46242966 0.88662652 0.00726809 69.14342499 0.01572067 -0.00000277 -0.99987696 0.04429553 -0.88651750 0.46248692 -0.01393974 0.42026237
0.45179445 0.89194636 0.01772109 69.36008453 -0.02011197 0.03004220 -0.99934684 0.03900436 -0.89189622 0.45114285 0.03151157 0.48843721
0.45875070 0.88797152 0.03247946 69.60411072 -0.04219847 0.05828328 -0.99740837 -0.03191380 -0.88756331 0.45619110 0.06420839 0.48003656
0.46442083 0.88403878 0.05281337 69.84579468 -0.07529592 0.09883408 -0.99225173 0.00082973 -0.88240885 0.45684563 0.11246495 0.52514178
0.47690554 0.87611030 0.07065648 70.11421967 -0.10872481 0.13857085 -0.98436688 -0.04304328 -0.87220497 0.46176778 0.16133994 0.58369541
0.50389713 0.86008783 0.07960655 70.32561493 -0.12202659 0.16212219 -0.97919715 -0.09444128 -0.85510159 0.48370035 0.18664627 0.55406570
0.52255309 0.84460225 0.11655868 70.56845093 -0.13559644 0.21729386 -0.96664276 -0.09045378 -0.84175615 0.48931702 0.22807238 0.61401778
0.52615605 0.84132523 0.12382351 70.82195282 -0.17604610 0.25021702 -0.95205066 -0.12903114 -0.83196703 0.47912837 0.27976496 0.62239653
0.53763357 0.82774533 0.16058779 71.09468079 -0.19692043 0.30845176 -0.93063482 -0.12853888 -0.81986222 0.46871730 0.32883368 0.69999361
0.55442187 0.81377704 0.17430993 71.39192200 -0.20980964 0.33935408 -0.91696245 -0.18148871 -0.80535576 0.47181190 0.35888326 0.76611471
0.58440931 0.78779320 0.19454645 71.71248627 -0.23293127 0.39252232 -0.88975878 -0.17598671 -0.77730974 0.47466712 0.41289503 0.78932655
0.59491289 0.77833182 0.20069605 71.99456787 -0.26493426 0.42561021 -0.86525559 -0.19669387 -0.75887428 0.46158022 0.45940742 0.82632458
0.61205926 0.76136105 0.21380706 72.27517700 -0.26733860 0.45365080 -0.85013673 -0.26742733 -0.74425476 0.46317494 0.48120200 0.80906647
0.64109767 0.73953682 0.20513340 72.58103943 -0.29022801 0.48106026 -0.82725461 -0.26841572 -0.71046682 0.47081528 0.52304053 0.88553089
0.65985849 0.72262325 0.20592000 72.85551453 -0.29856159 0.50364264 -0.81068272 -0.28875458 -0.68952834 0.47345581 0.54808005 0.86097980
0.68442911 0.69813572 0.21015235 73.21076202 -0.31004281 0.53958331 -0.78276732 -0.27335712 -0.65987262 0.47059225 0.58575812 0.90142334
0.70368460 0.67454118 0.22321062 73.55768585 -0.31112863 0.57497095 -0.75670919 -0.29321164 -0.63877122 0.46303712 0.61446689 0.98655778
0.71009474 0.66351528 0.23561352 73.89920807 -0.32438918 0.60528669 -0.72691204 -0.29138526 -0.62493107 0.43974570 0.64504768 0.98674113
0.71135415 0.65951349 0.24293641 74.20581055 -0.34249759 0.62711650 -0.69958685 -0.32009023 -0.61373644 0.41444863 0.67198326 0.96245313
0.73607246 0.63966650 0.22141588 74.56996918 -0.36285588 0.64900134 -0.66868112 -0.34534639 -0.57143215 0.41185542 0.70981826 0.99055362
0.75253889 0.61957177 0.22319711 74.88178253 -0.36989023 0.67807570 -0.63513476 -0.34457940 -0.54485611 0.39540488 0.73945134 1.00891042
0.76928428 0.60190876 0.21426246 75.25729370 -0.37838189 0.69943208 -0.60631963 -0.33705005 -0.51481117 0.38535884 0.76581296 1.06064975
0.78041628 0.59409296 0.19494838 75.57713318 -0.38795269 0.70459744 -0.59416897 -0.36915737 -0.49035178 0.38806809 0.78035877 1.04370081
0.80108730 0.56752934 0.19018559 75.96295166 -0.38815563 0.73445157 -0.55670252 -0.36230245 -0.45562717 0.37214540 0.80864901 1.09368789
0.81978592 0.54361347 0.18010125 76.32330322 -0.39182352 0.76179694 -0.51588885 -0.38601324 -0.41764476 0.35235020 0.83751041 1.08512568
0.84103952 0.51504651 0.16547095 76.70355225 -0.38569831 0.78537376 -0.48417603 -0.38094282 -0.37932977 0.34338899 0.85918237 1.09383798
0.84442600 0.50644925 0.17451342 77.08390808 -0.39946905 0.81241275 -0.42474886 -0.37914106 -0.35689069 0.28895599 0.88833266 1.17118847
0.85553694 0.48582240 0.17898110 77.46282196 -0.39325178 0.83461613 -0.38570784 -0.38969019 -0.33676603 0.25960241 0.90509486 1.11017883
0.86852206 0.46608195 0.16863637 77.88367462 -0.39205360 0.85416905 -0.34160023 -0.36571109 -0.30325767 0.23057260 0.92459318 1.17469263
0.88953524 0.43419231 0.14214550 78.30335999 -0.37536955 0.87193816 -0.31436138 -0.37484628 -0.26043539 0.22627817 0.93860167 1.16242123
0.90615163 0.40534196 0.12078212 78.70953369 -0.35707626 0.88620827 -0.29518289 -0.38594815 -0.22668815 0.22435175 0.94777648 1.18906319
0.91703453 0.37922036 0.12345391 79.14930725 -0.33823067 0.90354921 -0.26305954 -0.34952426 -0.21130422 0.19947852 0.95684915 1.23314035
0.92829327 0.35515092 0.11018499 79.59465790 -0.32372776 0.91765584 -0.23045517 -0.32585147 -0.18295828 0.17825979 0.96682532 1.19354784
0.93484454 0.34562999 0.08128344 80.06257629 -0.32905369 0.92936461 -0.16735173 -0.29529968 -0.13338372 0.12970100 0.98254157 1.23666167
0.93780798 0.33576839 0.08818870 80.42103577 -0.32352430 0.93742156 -0.12874163 -0.33124843 -0.12589733 0.09220354 0.98774996 1.21390557
0.94629073 0.31393761 0.07732066 80.85794830 -0.30661004 0.94723177 -0.09350847 -0.32060283 -0.10259638 0.06477873 0.99261236 1.20693541
0.95304710 0.29699121 0.05915221 81.28159332 -0.29514814 0.95469674 -0.03798948 -0.28372526 -0.06775491 0.01874695 0.99752666 1.21886182
0.95995644 0.27684366 0.04292799 81.70911407 -0.27642559 0.96091077 -0.01551956 -0.26810202 -0.04554641 0.00303157 0.99895843 1.26595330
0.96914610 0.24636458 0.00787124 82.15571594 -0.24648788 0.96848113 0.03590754 -0.26363388 0.00122326 -0.03673994 0.99932491 1.23203838
0.97452105 0.22378347 -0.01521216 82.58318329 -0.22178192 0.97149437 0.08374250 -0.24065870 0.03351879 -0.07823513 0.99637214 1.24465656
0.98025494 0.19576687 -0.02788106 83.05408478 -0.19024296 0.97211759 0.13709934 -0.18926615 0.05394327 -0.12908816 0.99016566 1.27344537
0.98242304 0.17802062 -0.05617333 83.48703003 -0.16494496 0.96873677 0.18531966 -0.18785930 0.08740800 -0.17279679 0.98107228 1.23061466
0.98561002 0.15601859 -0.06506070 83.89587402 -0.13674432 0.96214895 0.23573599 -0.15463385 0.09937740 -0.22344701 0.96963772 1.25584078
0.98370051 0.15616307 -0.08915238 84.34077454 -0.12392078 0.94798504 0.29320480 -0.10937801 0.13030303 -0.27737776 0.95188471 1.22694111
0.98414609 0.14135129 -0.10713584 84.73435974 -0.09972614 0.94051046 0.32480112 -0.12862514 0.14667359 -0.30896737 0.93969562 1.22204781
0.98221168 0.12513585 -0.14001092 85.19375610 -0.07043380 0.93667268 0.34305155 -0.08936261 0.17407260 -0.32708757 0.92882413 1.22046971
0.97698554 0.12635762 -0.17185680 85.62200928 -0.05502298 0.92768643 0.36928490 -0.05171350 0.20609134 -0.35132976 0.91328834 1.19999659
0.97180316 0.12140858 -0.20213944 86.02468872 -0.02901099 0.91230760 0.40847793 -0.05104268 0.23400624 -0.39109566 0.89010517 1.18083930
0.96700953 0.11799167 -0.22577065 86.42293549 -0.00774650 0.89947530 0.43690410 -0.01455631 0.25462634 -0.42074124 0.87071478 1.18516564
0.96370488 0.11509125 -0.24089137 86.85695648 0.01276037 0.88141704 0.47216749 0.02848192 0.26666829 -0.45810369 0.84795693 1.17365086
0.95425629 0.10089441 -0.28145497 87.31857300 0.05867768 0.85984295 0.50717636 0.05186575 0.29317855 -0.50049105 0.81459001 1.14790189
0.94439306 0.09969363 -0.31334414 87.77991486 0.08629412 0.84438912 0.52873551 0.08853946 0.31729616 -0.52637356 0.78883198 1.14052105
0.93421841 0.07502079 -0.34872552 88.23477173 0.13816036 0.82521973 0.54765404 0.10111232 0.32886087 -0.55980817 0.76057035 1.16370678
0.93114761 0.06985858 -0.35789030 88.69926453 0.16615487 0.79237876 0.58696614 0.14883220 0.32458958 -0.60601694 0.72621409 1.15669620
0.91970209 0.07288021 -0.38579549 89.17778015 0.19881941 0.76086468 0.61770266 0.18658425 0.33855674 -0.64480558 0.68527868 1.09710777
0.89786932 0.05531318 -0.43677534 89.58258057 0.26419851 0.72589943 0.63503540 0.23170556 0.35218112 -0.68557371 0.63714909 1.05196559
0.88394785 0.06089755 -0.46360451 90.02291870 0.28817282 0.70985523 0.64269961 0.28982151 0.36823125 -0.70171067 0.60992595 1.03025258
0.86950318 0.06558835 -0.48955470 90.46316528 0.32388335 0.67259940 0.66536490 0.32062432 0.37291475 -0.73709502 0.56358436 1.06493866
0.85957712 0.06362283 -0.50703130 90.83811188 0.35651647 0.63617492 0.68423558 0.32505703 0.36609397 -0.76891770 0.52415885 0.96877611
0.83626640 0.07337546 -0.54339305 91.27724457 0.39599796 0.60464812 0.69107677 0.38415492 0.37927003 -0.79310621 0.47659043 0.94866478
0.82118958 0.08729244 -0.56394081 91.68133545 0.42826492 0.55884608 0.71012755 0.41056556 0.37714524 -0.82466471 0.42153435 0.93507016
0.80454231 0.08558863 -0.58769712 92.09452820 0.45989992 0.53633376 0.70769988 0.44765973 0.37577321 -0.83965558 0.39214106 0.91633433
0.80156461 0.09306495 -0.59062233 92.46732330 0.47948595 0.49007392 0.72795727 0.48822740 0.35719627 -0.86669905 0.34820266 0.85625637
0.78460499 0.11364254 -0.60949322 92.87799072 0.50947460 0.44203453 0.73826971 0.47653437 0.35331628 -0.88977054 0.28892463 0.85322016
0.77530032 0.12676178 -0.61874261 93.23211670 0.52689730 0.41038012 0.74429058 0.55359459 0.34826766 -0.90306163 0.25137754 0.78093123
0.75304207 0.13962561 -0.64298824 93.61478424 0.56357187 0.36747568 0.73983075 0.54882777 0.33958224 -0.91949278 0.19803574 0.76819682
0.73371179 0.14091679 -0.66468866 93.97933960 0.59949093 0.32619067 0.73089771 0.57030261 0.31981141 -0.93474209 0.15485180 0.72955316
0.72707386 0.16307953 -0.66691098 94.35842896 0.61820616 0.26702324 0.73927058 0.62248755 0.29864104 -0.94979172 0.09332906 0.69263053
0.70330832 0.16491508 -0.69149264 94.74059296 0.65258354 0.23601646 0.72002242 0.62781483 0.28194661 -0.95765333 0.05837170 0.63543332
0.67544028 0.20696221 -0.70777725 95.12809753 0.67612210 0.20930699 0.70643532 0.64942211 0.29434856 -0.95569760 0.00144290 0.61998421
0.66484555 0.22244389 -0.71309236 95.45703888 0.69642942 0.16063087 0.69941776 0.69820863 0.27012629 -0.96162215 -0.04812148 0.59860939
0.62135722 0.23878751 -0.74625548 95.77508545 0.74391297 0.11922440 0.65755644 0.72607458 0.24598857 -0.96372544 -0.10355589 0.53825432
0.59395037 0.25054321 -0.76449496 96.12994385 0.77203322 0.08973801 0.62921639 0.74603289 0.22625060 -0.96393764 -0.14012744 0.51474851
0.57279487 0.26952261 -0.77412209 96.42151642 0.79440398 0.05027635 0.60530663 0.77404284 0.20206432 -0.96168104 -0.18531147 0.48678023
0.56060642 0.28786596 -0.77643739 96.69281006 0.80814054 0.01434733 0.58881629 0.81953365 0.18064043 -0.95756351 -0.22459260 0.46454677
0.55099275 0.29416575 -0.78094484 96.90940094 0.82012971 -0.01789427 0.57189919 0.81525153 0.15425918 -0.95558713 -0.25111333 0.36732170
0.53458817 0.30440636 -0.78838669 97.19474030 0.83347445 -0.03561320 0.55141062 0.84042966 0.13977639 -0.95187650 -0.27275295 0.40398929
0.52141430 0.32155871 -0.79039765 97.43897247 0.84489049 -0.06479412 0.53100229 0.84926468 0.11953576 -0.94467042 -0.30546612 0.39049593
0.49074661 0.34610789 -0.79961136 97.71360779 0.86650767 -0.09771426 0.48950797 0.86789566 0.09128960 -0.93309255 -0.34785773 0.36746141
